# Residue_Index RMSF (Å)
0 15.219756
1 14.753469
2 16.180299
3 16.522763
4 17.739308
5 18.024187
6 19.185520
7 19.728157
8 19.326684
9 18.281149
10 17.227639
11 16.180214
12 15.312748
13 15.709994
14 16.205623
15 15.721318
16 15.984715
17 15.555665
18 15.225822
19 14.994422
20 13.732095
21 13.768076
22 14.409004
23 13.521481
24 12.783764
25 11.991752
26 11.884166
27 11.163144
28 10.682894
29 11.027278
30 10.392108
31 10.081406
32 10.541839
33 10.531061
34 10.485459
35 10.192926
36 10.217659
37 11.087158
38 11.433155
39 12.316834
40 12.922439
41 13.864201
42 14.584541
43 15.198372
44 16.028361
45 16.943794
46 18.374715
47 19.283215
48 18.407958
49 17.689275
50 16.932859
51 15.674851
52 15.504683
53 14.614598
54 14.039643
55 13.097996
56 12.534609
57 11.996005
58 11.411776
59 11.085994
60 10.298424
61 10.557265
62 10.220787
63 10.372938
64 10.570538
65 11.565644
66 11.668852
67 11.140272
68 11.764651
69 12.646929
70 12.468031
71 12.367809
72 13.139477
73 13.595199
74 13.332137
75 13.823447
76 14.805076
77 14.753931
78 14.681769
79 15.650714
80 16.316382
81 15.950508
82 16.826623
83 16.612022
84 16.472391
85 15.282199
86 14.857771
87 14.663177
88 15.640383
89 15.327702
90 15.537627
91 15.235478
92 14.347497
93 13.808664
94 13.531383
95 13.637994
96 12.865249
97 11.762013
98 11.303932
99 12.192843
100 12.591600
101 13.287752
102 13.813302
103 14.140584
104 14.675541
105 14.129110
106 13.971005
107 14.090185
108 13.700857
109 12.638609
110 11.960367
111 12.135401
112 10.890680
113 11.169075
114 12.358703
115 11.992777
116 11.248038
117 12.158084
118 13.148769
119 12.658429
120 13.422587
121 13.321444
122 13.988227
123 14.353049
124 14.096035
125 14.236148
126 14.480079
127 14.954169
128 14.666613
129 15.372392
130 14.882026
131 15.750985
132 15.427938
133 14.270648
134 14.727817
135 15.432360
136 14.422968
137 13.922979
138 14.995633
139 15.055201
140 13.978722
141 14.352028
142 15.391995
143 14.743863
144 14.098261
145 15.124504
146 15.665655
147 14.739356
148 14.909002
149 16.183914
150 16.079895
151 15.344776
152 14.295252
153 13.245963
154 12.515188
155 11.497757
156 10.963227
157 11.568599
158 11.082368
159 11.370526
160 10.802282
161 11.580213
162 12.460813
163 13.005727
164 13.933826
165 14.885854
166 15.034103
167 14.588484
168 15.777331
169 16.631746
170 16.926670
171 15.729081
172 15.521509
173 14.384420
174 14.179322
175 13.387291
176 12.936783
177 12.101456
178 12.445289
179 11.525720
180 11.567506
181 12.605075
182 13.325335
183 14.324885
184 14.919118
185 15.009639
186 14.304442
187 13.104034
188 12.255148
189 11.449728
190 11.164555
191 11.728922
192 10.700238
193 9.848372
194 8.567115
195 7.690266
196 7.642451
197 7.259994
198 7.841998
199 7.762022
200 8.226809
201 8.691630
202 9.516921
203 9.588959
204 9.787722
205 9.463007
206 9.577636
207 9.548225
208 8.840514
209 8.602954
210 9.215933
211 9.410972
212 10.168772
213 10.920993
214 11.325348
215 11.754608
216 11.873289
217 11.787978
218 12.078240
219 12.323407
220 11.253921
221 11.025104
222 11.958619
223 11.613740
224 10.747109
225 11.363707
226 12.119528
227 11.354723
228 11.077400
229 12.165939
230 12.505951
231 11.655926
232 11.769389
233 10.805039
234 10.114466
235 9.248120
236 9.303020
237 8.913603
238 8.949196
239 8.269740
240 7.732308
241 7.046365
242 7.102146
243 6.808672
244 7.210245
245 7.847384
246 7.785289
247 7.640443
248 8.260841
249 8.923272
250 8.671205
251 8.683326
252 9.519998
253 9.418239
254 9.916703
255 10.080234
256 10.741447
257 11.693255
258 11.857019
259 12.542152
260 13.592578
261 13.354398
262 14.142551
263 13.915395
264 14.258901
265 13.613787
266 12.690219
267 13.021160
268 13.128342
269 12.071122
270 11.811050
271 12.366577
272 12.004380
273 10.991876
274 11.415341
275 10.776186
276 11.819346
277 12.518645
278 13.511418
279 13.407038
280 13.063631
281 13.985794
282 14.753967
283 14.713806
284 15.977926
285 14.558242
286 14.053643
287 13.919928
288 13.527378
289 13.435516
290 13.299581
291 13.159053
292 13.415671
293 13.888656
294 14.194500
295 14.609408
296 14.254693
297 14.031794
298 13.087439
299 13.009299
300 12.648302
301 11.246046
302 11.898996
303 12.187664
304 12.174129
305 12.860989
306 12.870694
307 13.638535
308 12.948843
309 13.187512
310 12.696505
311 11.844968
312 11.927713
313 12.916205
314 14.047912
315 14.145260
316 14.569308
317 14.464490
318 14.276763
319 13.859446
320 12.695335
321 12.348582
322 10.943132
323 10.579430
324 9.645363
325 9.180083
326 8.310221
327 7.741579
328 6.905226
329 7.032990
330 7.624758
331 8.164554
332 9.000546
333 9.479646
334 9.073110
335 8.377805
336 7.897598
337 8.156943
338 8.092836
339 8.991432
340 9.691208
341 10.710578
342 11.737992
343 12.537831
344 11.752225
345 10.701379
346 9.745668
347 8.748217
348 8.727742
349 8.237986
350 8.915622
351 8.859195
352 9.650138
353 10.222091
354 11.168071
355 12.230638
356 13.600749
357 15.259211
358 16.598676
359 15.373551
360 14.582246
361 12.842250
362 12.610130
363 10.843133
364 11.306701
365 12.535223
366 11.340836
367 10.299357
368 11.618083
369 11.917770
370 10.475264
371 9.471763
372 8.490659
373 7.440082
374 8.214745
375 8.224056
376 9.136074
377 9.973873
378 10.596445
379 11.312684
380 11.526747
381 12.182852
382 12.521465
383 12.267194
384 12.671152
385 12.011555
386 12.028207
387 12.731513
388 13.926744
389 14.211389
390 12.917284
391 12.653879
392 11.579215
393 11.434960
394 10.607649
395 10.066865
396 9.753064
397 8.925280
398 8.446841
399 7.581362
400 6.660335
401 6.134071
402 5.459711
403 5.370212
404 5.087053
405 5.217973
406 5.003292
407 4.789671
408 4.931029
409 5.163034
410 5.286716
411 5.951393
412 6.323995
413 5.802168
414 6.022262
415 5.420718
416 5.416059
417 5.006384
418 4.984806
419 4.760442
420 4.678054
421 4.693883
422 4.739955
423 4.836579
424 5.008261
425 5.155715
426 5.391186
427 5.660210
428 6.024372
429 6.234046
430 6.663722
431 7.083254
432 7.407535
433 7.744909
434 8.306406
435 8.837236
436 9.063802
437 9.250509
438 9.665243
439 10.377222
440 9.766333
441 9.499904
442 9.374240
443 8.639135
444 7.543459
445 7.044423
446 5.997877
447 6.154297
448 6.873754
449 6.129188
450 5.953565
451 5.467969
452 5.656670
453 5.455860
454 5.891682
455 6.040712
456 5.448976
457 5.869531
458 5.891092
459 6.712558
460 7.272102
461 7.882055
462 8.354429
463 8.736021
464 8.810471
465 9.497217
466 9.540100
467 10.846338
468 11.607037
469 11.891893
470 13.033393
471 14.090161
472 15.895361
473 15.694064
474 15.745512
475 14.037100
476 13.902955
477 14.064119
478 12.820689
479 10.716096
480 9.192722
481 8.361818
482 8.691827
483 7.996283
484 7.948092
485 8.958883
486 9.452979
487 10.329980
488 11.175251
489 11.041936
490 11.193304
491 12.204164
492 12.597497
493 12.657412
494 13.187283
495 13.136307
496 12.630314
497 11.703656
498 10.678533
499 9.639792
500 10.240024
501 8.673768
502 7.993451
503 8.153142
504 7.730554
505 6.917494
506 6.861503
507 6.904791
508 6.104848
509 5.709540
510 6.112933
511 5.829120
512 5.169635
513 5.376762
514 5.913425
515 5.511066
516 6.113500
517 6.782443
518 7.346270
519 8.254637
520 8.200260
521 9.291977
522 9.736238
523 10.635281
524 10.847773
525 11.418192
526 10.603947
527 9.768931
528 10.602270
529 10.769179
530 9.614590
531 9.519785
532 10.431937
533 10.061224
534 9.097391
535 9.427596
536 10.544448
537 11.476097
538 11.576493
539 12.325578
540 13.272245
541 12.900479
542 11.928355
543 12.548213
544 13.328628
545 12.554036
546 12.028878
547 13.028062
548 13.686531
549 14.570262
550 14.173738
551 14.813124
552 15.519768
553 14.002052
554 14.055640
555 12.940261
556 12.624267
557 12.897478
558 11.937942
559 11.433255
560 10.424554
561 9.738484
562 8.846836
563 8.643815
564 8.802908
565 8.051376
566 7.123628
567 7.013997
568 7.334623
569 6.674702
570 6.015487
571 5.757460
572 6.262258
573 5.774626
574 5.627806
575 6.439343
576 6.721963
577 6.413817
578 6.719333
579 7.652343
580 7.789905
581 7.640836
582 8.221691
583 9.158145
584 10.115693
585 10.784821
586 10.553056
587 10.802581
588 9.974052
589 9.012520
590 8.111929
591 8.195222
592 7.503569
593 7.669645
594 7.661774
595 6.901835
596 6.324058
597 6.332363
598 5.641639
599 5.262730
600 5.103345
601 4.992582
602 4.844551
603 5.148433
604 5.606074
605 5.371482
606 6.057704
607 6.207128
608 5.572398
609 5.696239
610 5.525949
611 5.676623
612 6.190956
613 6.498065
614 6.451905
615 6.369500
616 5.890647
617 6.231535
618 6.864375
619 6.450320
620 6.912984
621 7.859702
622 8.270651
623 9.335512
624 10.135018
625 10.238889
626 9.120208
627 9.221023
628 10.282353
629 9.929117
630 9.840142
631 9.863438
632 9.546180
633 8.571981
634 8.173769
635 7.642120
636 6.981819
637 6.836521
638 6.435854
639 5.430013
640 5.758409
641 6.170981
642 7.477557
643 8.458600
644 8.261927
645 9.892494
646 11.519251
647 12.447543
648 14.027491
649 15.286437
650 16.588134
651 17.167352
652 18.450980
653 19.896097
