# Residue_Index RMSF (Å)
0 8.626991
1 8.136023
2 8.585569
3 8.858627
4 9.663159
5 9.771748
6 10.470068
7 11.045673
8 10.407382
9 9.844434
10 9.206643
11 8.846903
12 8.462889
13 9.035725
14 9.381796
15 8.994797
16 9.345792
17 8.762988
18 8.769496
19 8.753729
20 8.125424
21 8.483857
22 8.858916
23 8.312369
24 8.219656
25 7.783340
26 8.079358
27 7.682397
28 7.154671
29 7.260496
30 6.730984
31 6.234387
32 6.232037
33 6.059458
34 5.974832
35 5.928422
36 6.244373
37 6.744435
38 7.173451
39 7.833217
40 8.138991
41 8.737625
42 8.984340
43 9.368783
44 10.792361
45 11.063371
46 12.425484
47 13.044151
48 12.153638
49 12.358426
50 11.360703
51 10.063813
52 9.691174
53 9.133735
54 8.507011
55 7.864015
56 7.372902
57 6.889182
58 6.500975
59 6.184957
60 5.843751
61 5.926553
62 5.837164
63 5.801608
64 5.977713
65 6.336496
66 6.381931
67 6.125000
68 6.314407
69 6.722886
70 6.634267
71 6.653267
72 7.161773
73 7.456897
74 7.408373
75 7.760040
76 8.323043
77 8.450852
78 8.461208
79 8.925684
80 9.427393
81 9.506215
82 10.009132
83 10.201985
84 10.272430
85 9.613408
86 9.059021
87 8.719762
88 9.048407
89 8.709396
90 8.962234
91 8.599743
92 7.979156
93 7.710160
94 7.403710
95 7.369322
96 7.033426
97 6.576225
98 6.473451
99 6.744837
100 7.061601
101 7.434461
102 7.928737
103 8.209789
104 8.771465
105 8.655983
106 8.746003
107 9.147631
108 9.091389
109 8.312685
110 7.892490
111 8.237308
112 7.781694
113 8.025722
114 8.691349
115 8.685241
116 8.475540
117 9.166761
118 9.676914
119 9.397684
120 9.892267
121 10.203404
122 10.621679
123 10.828093
124 10.533498
125 10.739805
126 10.417371
127 10.688068
128 10.095633
129 10.592140
130 10.432566
131 10.776641
132 10.548167
133 9.909429
134 10.150855
135 10.404763
136 9.740490
137 9.523696
138 10.108219
139 9.918358
140 9.214191
141 9.650444
142 10.118801
143 9.492271
144 9.275057
145 10.007643
146 10.028653
147 9.379475
148 9.744114
149 10.442014
150 10.028162
151 9.591617
152 8.973393
153 8.419259
154 8.034725
155 7.369588
156 7.187438
157 7.678872
158 7.551987
159 7.752391
160 7.388058
161 7.466188
162 7.994966
163 8.262747
164 8.963890
165 9.492683
166 9.895263
167 9.857459
168 10.674699
169 11.250302
170 11.256675
171 10.405485
172 10.094780
173 9.335310
174 8.911869
175 8.270666
176 7.463894
177 7.283166
178 7.388298
179 6.951438
180 6.947436
181 7.603395
182 7.949086
183 8.589176
184 8.533643
185 8.901512
186 9.273018
187 8.379332
188 8.061723
189 7.853731
190 7.241166
191 7.165983
192 6.988115
193 6.951951
194 6.847326
195 6.393894
196 6.275868
197 6.643801
198 6.595637
199 6.780383
200 6.906628
201 7.149951
202 7.368100
203 7.496291
204 7.960495
205 7.710620
206 8.089884
207 7.729859
208 7.094873
209 7.482099
210 7.957019
211 7.735525
212 8.433098
213 8.441525
214 9.194271
215 9.903332
216 9.186858
217 8.401422
218 8.231786
219 8.760968
220 8.401718
221 7.941242
222 8.425880
223 8.600338
224 8.040162
225 8.127559
226 8.781389
227 8.529255
228 8.122938
229 8.684985
230 9.111673
231 8.751271
232 8.740797
233 8.075399
234 7.834958
235 7.385484
236 7.527982
237 7.646955
238 7.844627
239 7.829973
240 7.509650
241 7.222412
242 7.034392
243 7.168021
244 7.406170
245 7.388292
246 7.399399
247 7.677427
248 7.863396
249 7.975441
250 8.119529
251 8.393053
252 8.600945
253 8.399658
254 8.417804
255 8.398822
256 8.805558
257 9.148000
258 9.148036
259 9.681099
260 10.281606
261 10.058346
262 10.631934
263 10.748187
264 10.808162
265 10.169496
266 9.829178
267 10.168418
268 9.925092
269 9.273680
270 9.354911
271 9.670116
272 9.154334
273 8.773324
274 9.237306
275 9.061543
276 9.478148
277 9.408064
278 10.196743
279 10.206241
280 9.726842
281 10.052415
282 10.341778
283 10.202176
284 11.134960
285 10.136348
286 9.352623
287 8.607183
288 9.281407
289 8.628561
290 9.443194
291 9.064172
292 7.915823
293 9.025391
294 9.522563
295 8.589644
296 9.345973
297 8.481396
298 9.343085
299 8.512110
300 9.068826
301 8.439578
302 8.114790
303 7.942120
304 7.898911
305 8.008039
306 7.960409
307 8.037706
308 7.817739
309 7.765539
310 7.536319
311 7.316574
312 7.357808
313 7.751733
314 8.040606
315 8.102527
316 8.124696
317 8.105744
318 8.006665
319 7.983201
320 7.735190
321 7.659378
322 7.467720
323 7.518420
324 7.399010
325 7.357797
326 7.252164
327 7.244297
328 7.126168
329 7.198860
330 7.306409
331 6.882606
332 7.010087
333 6.995388
334 7.221252
335 7.207435
336 7.079663
337 7.128497
338 7.009428
339 7.104820
340 7.170146
341 7.272065
342 7.540924
343 7.536951
344 7.338664
345 7.321480
346 7.091150
347 6.999605
348 6.941528
349 6.925072
350 7.125404
351 7.158767
352 7.626467
353 7.675202
354 7.985483
355 8.125567
356 8.428216
357 9.114623
358 9.129015
359 8.634487
360 8.346601
361 7.867173
362 7.728370
363 7.351604
364 7.383784
365 7.633080
366 7.404889
367 7.134323
368 7.392450
369 7.728198
370 7.506405
371 7.498354
372 7.278984
373 6.950560
374 7.011240
375 6.940074
376 6.915652
377 7.003013
378 7.093073
379 7.288205
380 7.462610
381 7.810737
382 8.093726
383 8.364739
384 8.734395
385 8.891874
386 9.554595
387 9.699885
388 9.914997
389 9.525499
390 8.921470
391 8.476410
392 8.066263
393 7.774630
394 7.564071
395 7.207511
396 7.103759
397 6.905951
398 6.879532
399 6.859130
400 6.881070
401 6.917634
402 6.922899
403 6.959751
404 7.142006
405 7.344478
406 7.502224
407 7.584953
408 7.817837
409 8.206692
410 8.188886
411 8.062044
412 8.159122
413 8.406972
414 8.538238
415 8.297063
416 7.793449
417 7.173433
418 7.233966
419 7.238892
420 7.168589
421 6.996149
422 7.027314
423 7.172644
424 7.028289
425 6.924996
426 7.063670
427 7.120544
428 6.999530
429 7.070947
430 7.235938
431 7.242482
432 7.294962
433 7.439368
434 7.576164
435 7.621627
436 7.705498
437 8.007222
438 8.317998
439 8.057297
440 8.390693
441 7.241151
442 6.832233
443 7.693176
444 7.301523
445 7.359240
446 7.334231
447 7.125172
448 7.080216
449 6.973976
450 6.937744
451 6.949286
452 6.941792
453 6.890762
454 6.876514
455 6.865105
456 6.830284
457 6.910141
458 6.931889
459 6.903466
460 6.924180
461 6.922637
462 7.025028
463 7.287582
464 7.455397
465 7.656947
466 8.615252
467 8.516118
468 8.197530
469 8.563971
470 7.785569
471 7.081873
472 7.998236
473 8.877512
474 9.335531
475 9.301371
476 9.341760
477 9.188417
478 8.954300
479 8.745162
480 8.192044
481 8.325443
482 8.682596
483 8.532144
484 8.141067
485 8.407429
486 8.385674
487 8.577515
488 8.968069
489 9.036797
490 8.960874
491 9.320632
492 9.634113
493 9.601368
494 9.900434
495 10.157137
496 10.216735
497 9.992086
498 9.422181
499 8.130108
500 8.020762
501 7.829113
502 7.646624
503 7.704379
504 7.715903
505 7.475738
506 7.451152
507 7.638096
508 7.545945
509 7.353251
510 7.543342
511 7.628850
512 7.489212
513 7.488169
514 7.667994
515 7.676189
516 7.813266
517 7.827072
518 7.738440
519 7.989368
520 8.544351
521 8.699413
522 9.103706
523 9.155991
524 9.382298
525 9.192513
526 9.144665
527 8.732764
528 8.605550
529 8.668573
530 8.442869
531 8.149185
532 8.305684
533 8.338903
534 7.986984
535 7.897704
536 8.216495
537 8.586299
538 8.680386
539 9.009388
540 9.569616
541 9.430159
542 8.912598
543 9.249368
544 9.700190
545 9.298472
546 9.147421
547 9.727149
548 9.848475
549 10.375882
550 10.593685
551 10.025981
552 10.351966
553 9.859054
554 9.681268
555 9.259050
556 8.929321
557 9.039552
558 8.814459
559 9.056804
560 8.949849
561 8.266743
562 8.149799
563 8.217927
564 8.050970
565 7.891820
566 7.726576
567 7.935453
568 8.107316
569 7.901377
570 7.594390
571 7.524091
572 7.568648
573 7.363022
574 7.249152
575 7.380288
576 7.386202
577 7.229194
578 7.284675
579 7.475147
580 7.531502
581 7.469245
582 7.632202
583 7.851639
584 8.191056
585 8.446421
586 8.388302
587 8.471628
588 8.196210
589 7.898068
590 7.701478
591 7.790966
592 7.512858
593 7.673218
594 7.784779
595 7.463889
596 7.430177
597 7.783929
598 8.374459
599 8.000719
600 7.612093
601 7.732532
602 7.635965
603 7.357275
604 7.346297
605 7.400885
606 7.435995
607 7.369945
608 7.163274
609 7.080411
610 7.040839
611 7.223306
612 7.182796
613 7.171947
614 7.004484
615 7.015844
616 6.955158
617 6.936960
618 6.967929
619 7.109764
620 7.205009
621 7.201083
622 7.358008
623 7.571221
624 7.910901
625 7.890608
626 7.636720
627 7.956723
628 8.239234
629 8.029484
630 8.207638
631 8.343343
632 8.365619
633 7.893605
634 7.784746
635 7.910435
636 7.733983
637 7.427729
638 7.369159
639 7.095468
640 7.811392
641 7.567293
642 7.296155
643 7.219251
644 7.373271
645 8.636328
646 9.622927
647 11.666399
648 13.074685
649 14.553343
650 16.782760
651 18.498924
652 20.197158
653 22.182782
