# Residue_Index RMSF (Å)
0 9.139389
1 8.571926
2 8.626133
3 8.141612
4 8.167816
5 7.757902
6 8.212945
7 8.802039
8 8.513553
9 8.471434
10 7.884377
11 7.837743
12 7.623679
13 7.428813
14 6.857836
15 6.635736
16 6.625988
17 6.936591
18 7.037054
19 7.752643
20 7.971554
21 8.614429
22 8.129285
23 7.577063
24 7.801292
25 7.473263
26 7.684171
27 7.471305
28 7.250671
29 7.064504
30 7.451522
31 7.400158
32 7.222445
33 7.546325
34 7.402504
35 7.431706
36 7.140088
37 6.734057
38 6.793413
39 6.920249
40 7.100325
41 7.393478
42 7.494596
43 8.232576
44 8.724440
45 9.265931
46 10.039020
47 10.458396
48 9.549119
49 9.515197
50 8.683049
51 8.125415
52 7.627176
53 7.334721
54 6.821035
55 6.600033
56 6.511740
57 6.576020
58 6.926474
59 7.277208
60 7.991283
61 8.717456
62 9.346699
63 9.131989
64 9.865922
65 9.880597
66 9.523798
67 8.828170
68 8.554445
69 8.474476
70 8.094739
71 7.495631
72 7.428116
73 7.459014
74 7.027142
75 6.657149
76 6.842125
77 6.934400
78 6.634318
79 6.473237
80 6.751997
81 6.808435
82 6.948372
83 7.461296
84 7.740826
85 7.812651
86 7.224355
87 6.836150
88 6.599047
89 6.360143
90 6.405751
91 6.375355
92 6.593498
93 7.049408
94 7.322291
95 8.135576
96 8.664644
97 8.545671
98 7.993864
99 7.422974
100 6.838888
101 6.463933
102 6.362741
103 6.403671
104 6.758705
105 7.013779
106 7.454439
107 7.836291
108 8.182559
109 7.864824
110 8.008824
111 8.462005
112 8.798236
113 8.825422
114 8.956511
115 9.414449
116 9.663173
117 9.636737
118 9.704625
119 10.384220
120 11.425220
121 11.712725
122 12.104396
123 11.524553
124 11.547151
125 12.156178
126 11.020987
127 10.535132
128 11.236522
129 11.394089
130 11.510968
131 11.324982
132 10.542332
133 10.433307
134 10.664234
135 10.037582
136 9.487028
137 9.823083
138 9.804786
139 8.996735
140 8.789848
141 9.344836
142 8.950644
143 8.273887
144 8.665244
145 8.982023
146 8.232847
147 8.132418
148 8.867409
149 8.716881
150 8.051918
151 8.538913
152 8.216541
153 8.524367
154 8.249039
155 8.600018
156 8.535629
157 8.676586
158 8.707255
159 8.604189
160 8.085641
161 7.732237
162 7.922942
163 7.742910
164 8.057645
165 7.913082
166 8.398290
167 8.945493
168 9.520319
169 9.922777
170 9.478159
171 8.880773
172 8.399702
173 8.292729
174 7.743245
175 7.547237
176 6.982581
177 7.048533
178 7.135139
179 7.323285
180 7.845995
181 7.786393
182 8.104068
183 8.557080
184 10.007447
185 9.528214
186 9.845056
187 10.969810
188 10.884016
189 10.362692
190 9.732652
191 9.915945
192 9.602438
193 10.564703
194 10.756881
195 10.941876
196 10.411932
197 10.454314
198 10.703582
199 10.279852
200 11.240873
201 10.956614
202 10.255298
203 10.599275
204 11.346434
205 12.108360
206 12.075359
207 11.175750
208 11.477485
209 11.932582
210 11.675922
211 10.966798
212 10.717705
213 9.966324
214 9.759515
215 9.533818
216 10.331289
217 10.251053
218 9.542726
219 10.124766
220 10.645722
221 9.923979
222 9.784204
223 10.690921
224 10.553264
225 9.789748
226 10.422050
227 10.970239
228 10.225570
229 10.095564
230 11.077179
231 11.250669
232 10.489064
233 9.838018
234 10.552624
235 10.595955
236 11.045641
237 11.975658
238 12.222612
239 12.656768
240 12.668911
241 12.365902
242 12.062573
243 13.016611
244 13.393685
245 12.722718
246 12.937387
247 14.027150
248 13.925727
249 13.337448
250 13.988879
251 14.899597
252 14.552988
253 14.109219
254 13.283508
255 12.792048
256 13.383780
257 13.160311
258 12.486710
259 13.066734
260 13.279311
261 12.746730
262 13.070776
263 13.671824
264 13.002510
265 12.105699
266 12.507663
267 12.868600
268 11.929525
269 11.688485
270 12.562400
271 12.331006
272 11.434392
273 11.951733
274 12.578304
275 12.842903
276 12.759699
277 11.775585
278 11.985493
279 12.540825
280 11.689987
281 11.269285
282 10.406176
283 9.659240
284 9.451120
285 10.703254
286 9.493946
287 8.670373
288 8.279354
289 7.721606
290 7.529290
291 8.000046
292 7.790736
293 8.067336
294 8.361088
295 9.085386
296 9.261246
297 9.437032
298 8.906769
299 10.001465
300 9.579927
301 9.519399
302 9.637086
303 8.769737
304 8.904711
305 9.449280
306 9.357538
307 8.677651
308 9.102426
309 9.185557
310 9.023709
311 9.386635
312 9.569647
313 10.253759
314 10.819695
315 12.121645
316 13.333010
317 13.289099
318 11.319782
319 10.613945
320 10.160736
321 10.153120
322 9.609223
323 9.733982
324 9.418713
325 9.587107
326 9.477764
327 9.717573
328 10.183609
329 10.174723
330 11.011343
331 11.179466
332 11.224069
333 10.848302
334 10.656573
335 10.146966
336 10.424683
337 10.254291
338 10.144901
339 10.177273
340 10.103993
341 10.174880
342 10.249494
343 9.676740
344 9.577073
345 9.233609
346 9.359576
347 9.060181
348 8.475670
349 8.429349
350 8.188491
351 8.272106
352 8.434126
353 8.645145
354 8.842218
355 9.169234
356 9.662485
357 9.933801
358 10.500714
359 10.593472
360 10.989910
361 11.564427
362 11.906762
363 11.592512
364 11.238275
365 10.706852
366 10.098680
367 9.597138
368 9.104366
369 8.746519
370 8.193088
371 8.044066
372 7.757470
373 7.893433
374 7.989773
375 8.199123
376 8.728791
377 9.041047
378 9.241884
379 9.075303
380 9.518740
381 9.443716
382 9.429006
383 9.811717
384 10.053398
385 9.935039
386 9.957928
387 10.284734
388 10.540708
389 10.626164
390 11.087288
391 11.143229
392 10.679926
393 10.487607
394 10.691372
395 10.111339
396 10.208098
397 9.725154
398 9.211937
399 8.861386
400 8.422845
401 8.049817
402 7.655802
403 7.361995
404 7.307116
405 7.084734
406 7.313140
407 7.387278
408 7.280099
409 7.655839
410 7.789445
411 8.277829
412 8.528347
413 8.989828
414 9.406110
415 9.773294
416 10.376228
417 10.362735
418 10.814081
419 10.960058
420 10.977078
421 10.723959
422 10.971900
423 10.498855
424 10.819349
425 11.377067
426 11.286629
427 11.123802
428 11.993434
429 12.179322
430 11.377650
431 11.981870
432 12.837007
433 13.217297
434 13.797988
435 13.319201
436 13.805856
437 13.826238
438 13.876389
439 13.183740
440 13.029633
441 13.389564
442 13.049463
443 12.385182
444 12.559905
445 12.920864
446 12.308924
447 11.895606
448 12.359160
449 12.370902
450 11.680562
451 11.694783
452 12.182339
453 11.822199
454 11.328673
455 11.828880
456 11.521176
457 10.976362
458 10.596624
459 10.234771
460 9.759938
461 9.723264
462 10.200585
463 10.096522
464 10.387336
465 10.030610
466 10.105225
467 10.597448
468 10.706193
469 11.297521
470 11.717689
471 12.305028
472 12.761242
473 12.828052
474 12.554292
475 12.095987
476 11.563844
477 11.052980
478 10.587314
479 10.121109
480 9.576494
481 9.523748
482 9.079590
483 9.175344
484 9.658893
485 9.744282
486 10.197734
487 10.559911
488 10.768878
489 10.754412
490 11.617311
491 10.500149
492 9.749041
493 9.934438
494 9.765074
495 10.200842
496 9.708685
497 9.424149
498 9.574365
499 9.468135
500 9.352177
501 10.127519
502 10.422551
503 10.329053
504 11.002974
505 11.408212
506 11.351945
507 10.722482
508 10.928828
509 11.396015
510 10.995461
511 11.122790
512 10.881358
513 11.245877
514 11.325912
515 11.698551
516 11.193671
517 11.633195
518 11.145805
519 10.987333
520 11.795775
521 11.624530
522 11.010007
523 11.460733
524 11.991079
525 11.463612
526 11.355224
527 12.127472
528 12.180309
529 11.677181
530 12.047766
531 12.743988
532 12.458777
533 12.068422
534 11.590206
535 11.263966
536 11.627163
537 11.126961
538 10.614921
539 10.529023
540 9.860452
541 9.702144
542 10.133595
543 10.641009
544 10.705790
545 10.805504
546 11.323106
547 11.702277
548 11.665343
549 11.948202
550 12.509313
551 12.690476
552 12.864872
553 13.140668
554 13.379552
555 13.319535
556 13.200489
557 13.778867
558 13.828951
559 13.735560
560 13.069232
561 12.802407
562 12.924701
563 12.685328
564 12.144193
565 12.005162
566 12.414107
567 12.026364
568 11.758300
569 12.637244
570 12.951129
571 12.826478
572 13.110272
573 12.844768
574 13.170762
575 13.803042
576 13.965322
577 14.328491
578 14.483552
579 14.048930
580 13.741365
581 14.237384
582 14.195498
583 13.418170
584 13.613428
585 13.968004
586 14.709236
587 14.842074
588 14.260686
589 14.556156
590 14.844846
591 14.686033
592 13.917650
593 13.950554
594 14.336609
595 13.794321
596 13.168292
597 13.555358
598 13.618793
599 12.751078
600 12.487591
601 12.880018
602 12.570141
603 12.932529
604 12.559463
605 13.456605
606 13.916938
607 13.118027
608 13.345925
609 13.086963
610 12.750043
611 13.377761
612 13.861362
613 13.453364
614 13.543730
615 14.312019
616 14.258991
617 14.227947
618 14.198304
619 15.009081
620 15.044951
621 14.270903
622 14.793023
623 15.427267
624 15.479586
625 15.656192
626 15.014110
627 15.093615
628 14.464096
629 14.807171
630 14.420940
631 14.615669
632 14.239242
633 14.288480
634 13.850987
635 13.101114
636 13.331959
637 13.541827
638 13.820630
639 13.340788
640 13.138339
641 12.692001
642 12.887305
643 12.375866
644 12.631823
645 13.306144
646 13.182894
647 12.907823
648 13.604344
649 14.072384
650 14.785853
651 14.452966
652 13.988209
653 14.570210
654 14.949827
655 14.309269
656 14.111845
657 14.801033
658 16.658408
659 16.742722
660 16.276464
661 16.084415
662 17.228617
663 17.140083
664 16.416570
665 17.176180
666 19.203814
667 19.532993
668 19.738148
669 18.644469
670 19.180118
671 19.154281
672 19.631240
673 20.112605
674 21.049463
675 21.960089
676 22.856902
677 23.968534
678 24.822214
679 25.748715
680 26.812572
