# Residue_Index RMSF (Å)
0 10.719662
1 10.578732
2 10.037562
3 9.704781
4 9.348857
5 9.224414
6 9.059396
7 9.120606
8 9.245741
9 9.430936
10 9.633928
11 10.018207
12 10.338105
13 10.660316
14 10.136716
15 10.254661
16 10.716291
17 11.430823
18 12.274456
19 12.973948
20 13.608336
21 14.397045
22 14.120974
23 14.084528
24 14.947828
25 15.043749
26 15.654138
27 15.763072
28 15.337745
29 14.687511
30 14.729613
31 14.354181
32 13.409976
33 13.083870
34 13.386614
35 14.028643
36 14.395047
37 13.901156
38 14.352135
39 14.389747
40 14.374363
41 14.297858
42 13.805503
43 14.370831
44 14.299301
45 13.315691
46 13.264741
47 13.004776
48 13.314888
49 14.649142
50 14.512310
51 14.409846
52 13.660649
53 13.798016
54 13.207874
55 13.118828
56 13.162278
57 12.936098
58 13.502513
59 13.502687
60 14.479116
61 14.730568
62 14.949431
63 14.198187
64 13.923444
65 13.086099
66 12.628085
67 12.800151
68 12.418498
69 11.589578
70 11.462402
71 11.713764
72 11.072727
73 10.501488
74 10.697508
75 10.628478
76 9.857518
77 9.661898
78 10.034092
79 9.926220
80 9.288942
81 9.184740
82 9.467905
83 9.590874
84 10.067746
85 10.014915
86 10.057274
87 10.820768
88 10.944555
89 11.039899
90 11.503348
91 11.363374
92 11.675726
93 12.277382
94 12.205575
95 12.553949
96 13.652374
97 14.103626
98 14.124902
99 13.085992
100 12.783955
101 12.093866
102 12.220305
103 11.931196
104 12.145206
105 12.902387
106 12.503372
107 13.118211
108 12.843784
109 12.743162
110 12.336872
111 12.032455
112 12.498399
113 13.167751
114 12.936611
115 12.862340
116 13.570385
117 13.840047
118 13.581947
119 13.939647
120 14.424939
121 15.199241
122 16.232291
123 15.833944
124 15.099634
125 14.577946
126 14.184331
127 13.442678
128 12.528709
129 12.139602
130 11.591244
131 11.185602
132 11.296128
133 11.222579
134 10.693874
135 10.556061
136 10.717351
137 10.368162
138 9.907627
139 10.030367
140 9.946979
141 9.459010
142 9.306501
143 9.427210
144 9.241905
145 8.831910
146 8.705957
147 8.856992
148 8.695337
149 8.422796
150 8.476388
151 8.580946
152 8.891306
153 9.363629
154 9.916794
155 10.231422
156 10.783449
157 10.689694
158 11.101086
159 11.488430
160 12.019498
161 11.337004
162 11.129661
163 11.556025
164 11.785607
165 12.026219
166 12.657179
167 13.059517
168 13.180917
169 12.659522
170 12.103072
171 11.845739
172 11.171399
173 10.914878
174 10.636314
175 10.370614
176 10.899838
177 11.210295
178 10.530808
179 11.150806
180 11.052065
181 10.100375
182 9.722545
183 9.302067
184 9.375010
185 8.727755
186 8.822485
187 9.817106
188 10.476038
189 10.365621
190 10.421830
191 12.324345
192 12.558719
193 12.852533
194 12.413750
195 11.529924
196 13.185160
197 12.886533
198 12.105541
199 12.603897
200 11.999003
201 11.831568
202 11.038787
203 10.936734
204 10.699117
205 10.932807
206 10.711648
207 11.059429
208 11.353259
209 11.586357
210 11.243331
211 11.034264
212 10.568057
213 10.009959
214 9.644972
215 9.683367
216 9.418492
217 9.731020
218 9.575808
219 9.432910
220 9.973349
221 10.246298
222 9.931118
223 10.144843
224 10.827031
225 10.844886
226 10.641270
227 11.179441
228 11.722816
229 11.546996
230 11.585384
231 12.237751
232 12.656555
233 12.759890
234 13.023904
235 12.971711
236 12.454523
237 13.054321
238 14.129973
239 15.040263
240 14.490301
241 14.915209
242 14.216540
243 14.446214
244 14.139242
245 13.141176
246 12.933096
247 13.278322
248 12.745349
249 11.938217
250 12.153797
251 12.437046
252 11.613619
253 11.824120
254 11.397407
255 11.706726
256 11.834670
257 11.488841
258 11.915706
259 12.415777
260 12.097240
261 11.360432
262 10.789460
263 10.452504
264 9.914524
265 10.114761
266 10.362416
267 9.841034
268 9.579240
269 10.063976
270 10.071634
271 9.559618
272 9.642314
273 10.165251
274 10.025254
275 10.465186
276 9.986690
277 9.536104
278 9.220649
279 9.312695
280 9.205317
281 8.867503
282 8.592923
283 8.418275
284 8.374741
285 9.260517
286 8.512679
287 8.274753
288 7.816359
289 7.095316
290 7.863796
291 7.716059
292 7.889078
293 8.480052
294 9.213609
295 10.331679
296 10.363701
297 10.093355
298 10.099350
299 9.642805
300 8.963874
301 8.429192
302 8.352036
303 8.062860
304 7.920425
305 8.367050
306 8.245335
307 7.884600
308 7.921947
309 7.995683
310 7.897443
311 8.375165
312 8.592837
313 9.214323
314 9.356098
315 10.454070
316 11.470348
317 10.859002
318 10.238450
319 9.471629
320 8.977927
321 8.898291
322 8.329305
323 8.523372
324 8.166692
325 8.364648
326 7.905998
327 7.888992
328 7.974120
329 7.513697
330 8.077014
331 8.650326
332 9.006927
333 8.494157
334 8.925469
335 8.735800
336 8.898047
337 8.899065
338 8.530965
339 8.702115
340 8.508253
341 8.692229
342 8.680563
343 8.009286
344 7.957986
345 7.696621
346 7.672381
347 7.600437
348 7.340753
349 7.202284
350 7.196858
351 7.148507
352 7.176094
353 7.197391
354 7.111024
355 7.357633
356 7.718612
357 8.081806
358 8.613879
359 8.781499
360 9.470409
361 10.046671
362 9.952765
363 9.686781
364 9.018515
365 8.508188
366 7.836068
367 7.383833
368 7.039309
369 6.711874
370 6.368895
371 6.179025
372 6.330025
373 6.679432
374 6.929344
375 6.097415
376 6.658900
377 6.946752
378 6.296308
379 6.072712
380 6.269686
381 6.351271
382 6.550709
383 6.746195
384 6.572102
385 6.767586
386 6.932282
387 7.230799
388 7.153101
389 7.653954
390 8.019200
391 7.612866
392 7.207967
393 7.229953
394 7.270676
395 7.106592
396 7.581376
397 7.476650
398 7.141393
399 7.236555
400 7.159439
401 7.155833
402 7.306828
403 7.211120
404 7.513257
405 7.862894
406 8.181970
407 8.044947
408 7.321607
409 7.044279
410 6.584788
411 6.574060
412 6.650386
413 6.731199
414 7.113218
415 7.171462
416 7.714002
417 7.897860
418 8.003874
419 8.372289
420 8.434904
421 8.238486
422 8.405459
423 8.427449
424 8.926124
425 9.399250
426 9.635159
427 9.942928
428 10.237926
429 10.809547
430 10.655189
431 11.516109
432 10.597878
433 11.186559
434 10.495370
435 10.009808
436 10.355401
437 10.075550
438 9.969817
439 9.544818
440 9.236360
441 9.172134
442 8.987503
443 8.557095
444 8.265516
445 8.306283
446 8.062995
447 7.641702
448 7.549135
449 7.646769
450 7.320499
451 7.007423
452 7.147763
453 7.148387
454 6.749935
455 6.710255
456 6.453478
457 6.353451
458 6.317815
459 6.170186
460 6.271797
461 6.677754
462 6.903149
463 7.293386
464 7.730384
465 7.499409
466 7.105173
467 7.471162
468 7.729662
469 8.280183
470 8.840525
471 9.447014
472 10.033516
473 9.775813
474 9.324717
475 8.732220
476 8.132005
477 7.540789
478 7.100064
479 6.809175
480 6.501034
481 6.247587
482 6.207271
483 6.531591
484 6.357605
485 6.196790
486 6.094579
487 6.211653
488 6.209467
489 6.146809
490 6.492110
491 6.250332
492 6.374705
493 6.333455
494 6.587222
495 6.953546
496 7.017128
497 6.738000
498 7.054930
499 7.515025
500 7.950134
501 8.335656
502 7.828182
503 7.574827
504 7.525081
505 7.843507
506 7.419752
507 7.271872
508 7.888173
509 7.857142
510 7.503043
511 7.125956
512 6.790903
513 6.715556
514 6.591560
515 6.462257
516 6.440977
517 6.846044
518 6.872632
519 6.822702
520 7.273985
521 7.568935
522 7.460349
523 7.656401
524 8.226756
525 8.369112
526 8.317957
527 8.878129
528 9.354578
529 9.367255
530 9.569645
531 10.178009
532 10.474046
533 10.390670
534 10.139058
535 9.574836
536 9.578808
537 9.317813
538 9.653490
539 9.516156
540 9.526143
541 9.091920
542 9.163933
543 9.199433
544 9.875924
545 9.232380
546 8.972707
547 9.837844
548 9.878393
549 9.295540
550 9.702150
551 10.401966
552 10.127206
553 9.653223
554 10.003522
555 9.866159
556 9.131507
557 9.388482
558 9.272205
559 8.637487
560 8.347643
561 8.438791
562 8.143233
563 7.683394
564 7.743118
565 7.876887
566 8.133773
567 8.543982
568 8.823151
569 8.929077
570 9.538951
571 9.758586
572 10.273534
573 10.354591
574 10.838639
575 10.950436
576 10.932646
577 10.929123
578 10.714044
579 11.226820
580 10.727752
581 11.072421
582 11.491250
583 11.134962
584 11.218810
585 11.997948
586 12.602970
587 12.460898
588 11.530181
589 11.321690
590 11.065596
591 10.426955
592 9.927366
593 10.022113
594 9.734757
595 9.068692
596 8.916130
597 9.018644
598 8.488504
599 8.113058
600 8.287521
601 8.211617
602 8.118140
603 7.774673
604 7.162147
605 7.102249
606 7.694986
607 7.630559
608 7.681356
609 7.345322
610 7.407397
611 7.690485
612 7.686450
613 7.762286
614 8.112733
615 8.295013
616 8.873931
617 8.981395
618 8.957675
619 9.388396
620 9.917079
621 9.491975
622 9.507701
623 10.306002
624 10.824401
625 11.304826
626 10.827508
627 11.028809
628 10.785735
629 11.309690
630 11.512259
631 11.738624
632 11.159937
633 10.822294
634 10.110692
635 9.413114
636 9.252233
637 9.061948
638 9.043046
639 8.793623
640 8.242644
641 8.123447
642 8.018974
643 7.507484
644 7.515155
645 7.729932
646 7.564955
647 7.249995
648 7.400708
649 7.722134
650 7.971473
651 7.926085
652 8.154322
653 8.129208
654 7.931405
655 8.134744
656 8.694980
657 9.341345
658 9.483651
659 10.383741
660 10.854719
661 11.524678
662 10.632122
663 9.930586
664 10.806591
665 10.734130
666 9.391614
667 9.458608
668 8.994028
669 10.012751
670 10.702873
671 11.706641
672 13.505885
673 15.552641
674 17.449894
675 19.418640
676 20.800505
677 22.307013
678 24.443450
679 25.919066
680 27.365455
