# Residue_Index RMSF (Å)
0 5.569265
1 5.341711
2 5.182251
3 5.190760
4 5.214725
5 5.093809
6 5.023938
7 5.226089
8 5.172954
9 5.179754
10 5.117978
11 5.032428
12 5.019226
13 5.270671
14 5.170981
15 5.092560
16 5.232418
17 5.552354
18 5.634588
19 5.920992
20 6.136592
21 6.348646
22 6.216451
23 6.135633
24 6.417981
25 6.434942
26 6.695556
27 6.754184
28 6.699665
29 6.496943
30 6.733368
31 6.452096
32 6.009408
33 5.844157
34 5.782347
35 6.275102
36 6.328575
37 6.107461
38 6.212538
39 6.196663
40 6.156244
41 6.134977
42 5.991537
43 6.196714
44 6.416999
45 6.209979
46 6.414909
47 6.360024
48 6.311049
49 6.425139
50 6.287907
51 6.160362
52 5.991377
53 6.008717
54 5.802511
55 5.779058
56 5.807129
57 5.730842
58 5.907388
59 5.952699
60 6.252446
61 6.456234
62 6.702909
63 6.445448
64 6.379929
65 6.232729
66 6.101836
67 5.881946
68 5.725802
69 5.640298
70 5.543122
71 5.462299
72 5.298149
73 5.199908
74 5.132458
75 5.053061
76 4.982306
77 4.979370
78 4.942644
79 4.900057
80 4.792450
81 4.746070
82 4.744812
83 4.721125
84 4.823285
85 4.915251
86 4.915656
87 5.074319
88 5.070545
89 5.126212
90 5.293052
91 5.282721
92 5.438640
93 5.694114
94 5.841674
95 6.018956
96 6.257367
97 6.265652
98 6.177368
99 5.911309
100 5.729638
101 5.465796
102 5.479156
103 5.406771
104 5.484827
105 5.764047
106 5.760504
107 6.089336
108 6.099180
109 6.054789
110 5.951768
111 5.985741
112 6.210733
113 6.474006
114 6.489827
115 6.647664
116 6.925399
117 7.087812
118 7.163215
119 7.810699
120 8.749693
121 9.676524
122 11.118356
123 10.710345
124 8.947943
125 9.229303
126 8.268198
127 7.842047
128 6.980167
129 6.693107
130 6.468937
131 6.166025
132 6.128373
133 6.101371
134 5.837035
135 5.639667
136 5.643183
137 5.586265
138 5.308030
139 5.146636
140 5.153707
141 5.056389
142 4.844108
143 4.831098
144 4.841599
145 4.731149
146 4.601800
147 4.703938
148 4.781764
149 4.676729
150 4.649009
151 4.811869
152 4.770936
153 4.964697
154 5.074008
155 5.312856
156 5.520613
157 5.385631
158 5.610511
159 5.752270
160 5.856622
161 5.493979
162 5.498162
163 5.589757
164 5.684777
165 5.677527
166 6.068324
167 6.335154
168 6.487673
169 6.380788
170 6.040994
171 5.827482
172 5.484701
173 5.407834
174 5.194702
175 5.148918
176 5.238503
177 5.285175
178 5.238316
179 5.481967
180 5.498948
181 5.213089
182 5.153556
183 4.966895
184 4.912289
185 4.982864
186 4.979914
187 5.037508
188 5.284948
189 5.906379
190 6.444583
191 6.995814
192 7.939225
193 8.653096
194 9.479368
195 8.923758
196 7.504931
197 7.429944
198 6.498717
199 6.628347
200 6.401232
201 6.409641
202 6.032143
203 5.995672
204 6.066328
205 6.183880
206 5.918817
207 5.833924
208 6.326221
209 6.482890
210 6.128799
211 5.825660
212 5.539011
213 5.457977
214 5.524439
215 5.926817
216 5.515746
217 5.365674
218 5.215096
219 5.327484
220 5.674160
221 5.629750
222 5.470680
223 5.813443
224 6.035614
225 5.836719
226 5.922738
227 6.389966
228 6.400208
229 6.228046
230 6.532776
231 6.900990
232 6.885202
233 6.828434
234 7.091234
235 7.021973
236 6.822007
237 7.150159
238 7.603393
239 8.060415
240 7.787951
241 7.805530
242 7.427708
243 7.679342
244 7.744234
245 7.244076
246 7.139758
247 7.488077
248 7.360888
249 6.882341
250 7.036807
251 7.405662
252 7.088692
253 7.163658
254 6.909369
255 6.994261
256 7.255531
257 7.104532
258 7.144413
259 7.548106
260 7.453064
261 6.986583
262 6.871881
263 6.934291
264 6.497398
265 6.256253
266 6.517691
267 6.374294
268 5.932346
269 6.093959
270 6.298171
271 5.989279
272 5.807387
273 6.128075
274 6.170406
275 6.360698
276 6.082008
277 5.720964
278 5.698497
279 5.878892
280 5.637787
281 5.347042
282 5.121282
283 5.041834
284 4.986687
285 6.872175
286 7.346612
287 6.939884
288 6.331767
289 5.444045
290 6.199225
291 5.709067
292 4.924521
293 4.778282
294 4.685680
295 4.955466
296 4.901066
297 5.183922
298 5.092349
299 5.185939
300 5.343810
301 5.244880
302 5.663713
303 6.413399
304 5.938008
305 5.352439
306 5.471797
307 5.268018
308 5.373854
309 5.724546
310 5.780130
311 5.987285
312 5.925159
313 6.263889
314 6.738869
315 7.591840
316 7.027678
317 6.921502
318 6.105571
319 5.595269
320 5.880323
321 5.732972
322 5.536975
323 5.438474
324 5.291157
325 5.352968
326 5.120858
327 5.083353
328 5.044426
329 4.943049
330 5.167269
331 5.492074
332 5.772120
333 5.517525
334 5.524621
335 5.377907
336 5.433113
337 5.428461
338 5.249705
339 5.398754
340 5.391530
341 5.462581
342 5.468042
343 5.272231
344 5.306933
345 5.245624
346 5.103483
347 5.225169
348 5.322230
349 5.357599
350 5.507025
351 5.485831
352 5.454119
353 5.334315
354 4.970847
355 4.958976
356 5.035902
357 5.132376
358 5.247137
359 5.265920
360 5.476921
361 5.616980
362 5.553904
363 5.361906
364 5.161495
365 5.021753
366 4.860679
367 4.806419
368 4.800962
369 4.815998
370 4.811906
371 4.867395
372 4.974042
373 4.892823
374 5.138839
375 5.500536
376 5.699033
377 5.429217
378 5.191482
379 4.910410
380 4.952122
381 4.725897
382 4.747150
383 4.951636
384 4.847569
385 4.703220
386 4.840038
387 4.974261
388 4.766295
389 4.677441
390 4.638717
391 4.629301
392 4.585410
393 4.556963
394 4.634011
395 4.695575
396 4.712538
397 4.754918
398 4.831946
399 4.850641
400 4.970187
401 5.048611
402 5.148510
403 5.380871
404 5.582653
405 6.163679
406 6.238870
407 6.183893
408 5.762627
409 5.421684
410 5.103380
411 4.989396
412 4.886170
413 4.812238
414 4.735330
415 4.723997
416 4.685746
417 4.804340
418 4.817606
419 4.673049
420 4.797581
421 4.818625
422 4.742127
423 4.858130
424 4.921360
425 5.021074
426 5.151978
427 5.317138
428 5.432060
429 5.379763
430 5.333770
431 5.402882
432 5.526079
433 5.651401
434 5.626571
435 5.479892
436 5.464352
437 5.324133
438 5.462748
439 5.520299
440 5.415909
441 5.137335
442 5.158069
443 5.242228
444 5.038834
445 4.842793
446 4.962432
447 5.032458
448 4.835092
449 4.771178
450 4.966212
451 4.968522
452 4.747704
453 4.779380
454 4.961421
455 4.866926
456 4.741712
457 4.932457
458 5.119310
459 4.982465
460 5.032167
461 4.769086
462 4.748694
463 4.521644
464 4.623495
465 4.505922
466 4.564087
467 4.954569
468 4.835661
469 4.709752
470 4.603964
471 4.633180
472 4.616187
473 4.698769
474 4.792565
475 5.002464
476 5.045475
477 4.948603
478 4.870445
479 4.799186
480 4.718275
481 4.615570
482 4.592969
483 4.598250
484 4.643985
485 4.529739
486 4.608466
487 4.628402
488 4.578462
489 4.702320
490 4.760422
491 4.927598
492 5.138673
493 5.572540
494 5.944882
495 5.558939
496 5.474948
497 4.912481
498 4.685079
499 4.792326
500 4.641432
501 4.587823
502 4.633410
503 4.760558
504 4.969467
505 5.026473
506 4.861594
507 4.863689
508 5.069360
509 5.412959
510 5.350628
511 5.047620
512 5.267671
513 5.458380
514 5.242157
515 5.243198
516 5.130057
517 5.275519
518 5.112218
519 5.157197
520 5.065012
521 5.212463
522 4.959809
523 4.790473
524 5.109678
525 5.165838
526 4.864936
527 4.891733
528 5.182475
529 5.138545
530 4.933596
531 5.129181
532 5.386728
533 5.238638
534 5.214588
535 5.581531
536 5.675549
537 5.482557
538 5.431163
539 5.287266
540 5.515658
541 5.497871
542 5.494952
543 5.522319
544 5.382826
545 5.458034
546 5.357056
547 5.579357
548 5.639794
549 5.435530
550 5.586725
551 5.898475
552 5.825208
553 5.766279
554 6.121258
555 6.336186
556 6.243910
557 6.270681
558 6.533768
559 6.451755
560 6.320394
561 6.609092
562 6.560923
563 6.618064
564 6.404211
565 6.274779
566 6.393850
567 6.231332
568 5.979232
569 5.911216
570 6.202289
571 6.183679
572 6.157270
573 6.466849
574 6.833598
575 6.376329
576 6.401885
577 6.302602
578 6.761331
579 7.255238
580 7.182575
581 7.528544
582 7.048493
583 6.951117
584 6.814189
585 6.425370
586 6.692838
587 6.791026
588 6.362696
589 6.177605
590 6.324375
591 6.649513
592 6.453149
593 6.120996
594 6.083472
595 6.233660
596 5.984987
597 5.733417
598 5.934834
599 6.027432
600 5.690530
601 5.588396
602 5.850524
603 5.822200
604 5.508976
605 5.600888
606 5.879610
607 5.865661
608 5.930466
609 5.643617
610 5.823540
611 5.937441
612 5.635990
613 5.533540
614 5.362232
615 5.189906
616 5.446120
617 5.697918
618 5.468084
619 5.383314
620 5.680877
621 5.738239
622 5.929519
623 5.710980
624 5.557315
625 5.851319
626 5.887148
627 5.593845
628 5.788200
629 6.072101
630 6.093440
631 6.069541
632 5.892608
633 5.747589
634 5.555058
635 5.795756
636 5.704925
637 5.926496
638 5.611876
639 5.721346
640 5.433212
641 5.103542
642 5.205680
643 5.230515
644 5.455830
645 5.253850
646 5.254103
647 5.079531
648 5.450990
649 5.091669
650 5.195965
651 5.740083
652 6.170159
653 7.450364
654 7.146400
655 6.682331
656 6.165738
657 6.055688
658 6.027703
659 6.185950
660 5.938671
661 5.756975
662 5.838244
663 6.102011
664 6.322255
665 6.451598
666 6.151198
667 6.070723
668 6.946767
669 6.725486
670 5.942143
671 6.601762
672 7.568503
673 7.215357
674 6.927804
675 7.831014
676 8.445347
677 8.700921
678 8.913522
679 10.081153
680 11.622749
681 12.868767
682 14.221033
683 15.717888
684 17.263326
685 18.461031
686 20.062802
687 21.632787
