# Residue_Index RMSF (Å)
0 9.325535
1 8.818175
2 8.596232
3 8.182803
4 8.252151
5 8.071894
6 8.253320
7 8.568850
8 8.715227
9 8.752006
10 8.676082
11 8.828698
12 8.811706
13 9.371857
14 9.284800
15 8.893460
16 9.122196
17 9.310876
18 9.247103
19 9.639412
20 9.309201
21 9.702743
22 9.561776
23 8.937978
24 8.762841
25 8.217781
26 8.193270
27 7.838710
28 7.489176
29 7.197159
30 7.012803
31 6.921451
32 6.850392
33 6.949851
34 7.182091
35 7.244936
36 7.201952
37 7.208487
38 7.501829
39 7.745759
40 8.178627
41 8.645571
42 9.033533
43 9.678969
44 10.539743
45 10.556611
46 11.400875
47 11.351333
48 10.800934
49 11.078815
50 10.230663
51 9.529770
52 8.933460
53 8.450401
54 8.074076
55 7.614640
56 7.640573
57 7.509615
58 7.723300
59 7.749536
60 7.929371
61 8.348424
62 8.520169
63 8.205723
64 8.213387
65 8.478104
66 8.078975
67 7.608404
68 7.932051
69 8.070579
70 7.566233
71 7.518305
72 7.918656
73 7.760502
74 7.335017
75 7.616850
76 7.846045
77 7.436516
78 7.362550
79 7.818335
80 7.872955
81 7.557327
82 7.824782
83 7.617806
84 7.628711
85 7.220625
86 7.157263
87 7.278805
88 7.749705
89 7.894850
90 8.340159
91 8.492638
92 8.509727
93 8.790294
94 8.914415
95 9.516533
96 9.279976
97 8.735774
98 8.295141
99 8.323791
100 8.070677
101 7.922671
102 7.972978
103 7.712755
104 7.870720
105 7.769543
106 7.485178
107 7.683947
108 7.410659
109 7.070836
110 6.729459
111 6.708889
112 6.541144
113 6.756151
114 7.015441
115 6.962912
116 6.988547
117 7.248610
118 7.453536
119 7.599598
120 8.197215
121 8.497142
122 9.382747
123 9.979943
124 9.750507
125 10.197485
126 9.685952
127 8.570611
128 7.999162
129 8.077016
130 7.744427
131 7.838671
132 7.683509
133 7.276632
134 7.284055
135 7.423355
136 7.139184
137 6.924523
138 7.103179
139 7.108467
140 6.788257
141 6.790827
142 7.038381
143 6.934221
144 6.727060
145 6.918175
146 7.145488
147 6.957457
148 6.944583
149 7.284398
150 7.436599
151 7.269397
152 7.054617
153 6.746679
154 6.550748
155 6.364663
156 6.416322
157 6.348819
158 6.282884
159 6.342722
160 6.351159
161 6.432671
162 6.588272
163 6.839637
164 7.171814
165 7.600126
166 7.798497
167 7.776557
168 8.198948
169 8.354699
170 8.294559
171 7.788001
172 7.528186
173 7.101119
174 7.004317
175 6.744214
176 6.796527
177 6.629989
178 6.535749
179 6.507382
180 7.322794
181 6.990148
182 7.298205
183 7.192676
184 7.443182
185 7.177255
186 7.373277
187 7.904321
188 8.499562
189 8.418878
190 8.585723
191 8.938109
192 9.101316
193 9.207266
194 8.466172
195 7.065530
196 6.671829
197 6.342410
198 6.237231
199 6.153462
200 6.330565
201 6.290306
202 6.150394
203 6.166479
204 6.350411
205 6.621186
206 6.600795
207 6.494828
208 6.987431
209 7.330413
210 7.434067
211 7.224194
212 6.998151
213 6.720969
214 6.730477
215 6.598594
216 6.478787
217 6.313417
218 6.286176
219 6.334854
220 6.255055
221 6.186061
222 6.313026
223 6.378488
224 6.298484
225 6.366241
226 6.582598
227 6.591543
228 6.528644
229 6.732528
230 6.944630
231 6.924081
232 6.988891
233 6.693989
234 6.666350
235 6.515762
236 6.459777
237 6.593323
238 6.817407
239 6.987208
240 6.808566
241 6.737994
242 6.600911
243 6.945178
244 6.996294
245 6.681405
246 6.772125
247 7.164749
248 7.073316
249 6.787520
250 7.082729
251 7.411978
252 7.216989
253 7.075091
254 6.853270
255 6.906965
256 7.128028
257 7.161265
258 7.127964
259 7.439976
260 7.684606
261 7.326137
262 7.488138
263 7.374427
264 7.244003
265 7.026927
266 6.929485
267 6.946308
268 6.754500
269 6.627683
270 6.808868
271 6.744063
272 6.481775
273 6.467238
274 6.599077
275 6.586208
276 6.677588
277 6.561610
278 6.781866
279 6.761271
280 6.587973
281 6.784170
282 6.817400
283 6.848691
284 7.566109
285 7.655749
286 6.914747
287 6.481304
288 6.752347
289 6.536477
290 7.249467
291 7.668760
292 7.529903
293 7.977846
294 8.409341
295 9.183311
296 9.290612
297 9.814558
298 10.593195
299 10.415166
300 9.568368
301 9.860197
302 9.345574
303 8.938689
304 8.697657
305 8.642798
306 8.542721
307 8.536337
308 8.203289
309 8.018914
310 7.756056
311 7.426600
312 7.572309
313 7.670003
314 8.086811
315 7.922789
316 8.256067
317 8.364783
318 8.355293
319 8.477896
320 8.218729
321 8.350376
322 8.197553
323 8.395523
324 8.452734
325 8.265468
326 8.217024
327 8.103431
328 8.059538
329 8.375070
330 8.412114
331 8.248931
332 8.028325
333 7.793985
334 7.736315
335 7.862812
336 7.660598
337 7.827984
338 7.750641
339 7.874299
340 7.890710
341 7.886571
342 8.382982
343 8.240521
344 7.912129
345 7.952432
346 7.521339
347 7.428604
348 7.359397
349 7.400413
350 7.553213
351 7.504469
352 7.742807
353 7.665266
354 8.018159
355 8.172193
356 8.427087
357 8.541604
358 8.443551
359 8.216018
360 7.719695
361 7.343444
362 7.080703
363 6.998777
364 7.128550
365 7.051563
366 6.904376
367 6.876679
368 6.995764
369 7.152685
370 6.877366
371 6.732062
372 6.504746
373 6.434793
374 6.405383
375 6.500327
376 6.670477
377 6.814417
378 7.033135
379 7.302995
380 7.569969
381 7.667671
382 8.013911
383 8.222957
384 8.526149
385 8.870257
386 8.891695
387 9.315842
388 9.393463
389 9.648790
390 9.454465
391 8.817282
392 8.467996
393 8.088042
394 7.792771
395 7.707159
396 7.422294
397 7.390766
398 7.090789
399 6.966994
400 6.889111
401 6.608538
402 6.794617
403 6.762370
404 6.653910
405 6.548034
406 6.750465
407 6.860705
408 6.706966
409 6.778455
410 7.024729
411 6.942859
412 6.926339
413 7.138380
414 7.250553
415 7.218237
416 7.290797
417 7.120595
418 7.005330
419 6.695953
420 6.605026
421 6.515302
422 6.394149
423 6.375857
424 6.366579
425 6.289377
426 6.275444
427 6.301423
428 6.281840
429 6.250805
430 6.261506
431 6.324605
432 6.347996
433 6.392827
434 6.418814
435 6.435259
436 6.477961
437 6.542801
438 6.575742
439 6.591407
440 6.775214
441 6.820969
442 6.836417
443 6.792993
444 6.769409
445 6.706658
446 6.755406
447 6.773614
448 6.641092
449 6.662133
450 6.617794
451 6.730549
452 6.620251
453 6.482475
454 6.491388
455 6.444362
456 6.506804
457 6.628105
458 6.777679
459 6.569190
460 6.443790
461 6.378304
462 6.352839
463 6.483624
464 6.488086
465 6.635531
466 6.701892
467 6.725967
468 6.890819
469 6.968873
470 6.852876
471 7.073049
472 6.919683
473 6.941064
474 7.003692
475 8.481648
476 9.230471
477 8.477256
478 7.689805
479 7.331008
480 7.258381
481 7.246373
482 7.174010
483 7.091762
484 6.919467
485 6.964095
486 7.071420
487 7.125299
488 6.956893
489 7.045177
490 6.995175
491 7.197025
492 7.236852
493 7.189851
494 7.309447
495 7.495408
496 7.491807
497 7.397273
498 7.416822
499 7.352985
500 7.024868
501 6.815490
502 6.834098
503 6.785320
504 6.762214
505 6.605026
506 6.583559
507 6.695047
508 6.649710
509 6.502455
510 6.607592
511 6.726197
512 6.609226
513 6.580577
514 6.742832
515 6.844983
516 6.788366
517 6.842046
518 7.077995
519 7.115586
520 7.200106
521 7.073475
522 7.030267
523 7.162650
524 7.407558
525 7.476269
526 7.820125
527 7.953866
528 7.593571
529 7.778657
530 7.712322
531 7.304221
532 7.388251
533 7.662626
534 7.479785
535 7.261450
536 7.549266
537 7.682792
538 7.445471
539 7.382064
540 7.683110
541 7.754771
542 7.631871
543 7.909413
544 8.016393
545 7.887563
546 7.628076
547 7.761652
548 7.863849
549 7.627537
550 7.556071
551 7.548746
552 7.541993
553 7.762651
554 7.888396
555 7.834861
556 8.324076
557 7.674548
558 8.072544
559 7.966787
560 8.178620
561 8.580588
562 8.318301
563 8.306768
564 7.790481
565 7.701374
566 7.594452
567 7.340472
568 7.566163
569 7.750099
570 7.487271
571 7.510844
572 8.133873
573 8.267115
574 7.439954
575 6.864432
576 6.781313
577 6.824182
578 6.690253
579 6.626697
580 6.766186
581 6.818398
582 6.666791
583 6.712385
584 6.855141
585 6.822318
586 6.689955
587 6.841007
588 7.027021
589 7.184165
590 7.193288
591 6.936360
592 6.976106
593 6.940627
594 6.764419
595 6.675454
596 6.669160
597 6.457831
598 6.453345
599 6.541480
600 6.457505
601 6.372304
602 6.464177
603 6.522802
604 6.593823
605 6.469779
606 6.367882
607 6.423019
608 6.371959
609 6.304698
610 6.313317
611 6.332454
612 6.356457
613 6.438261
614 6.370071
615 6.400995
616 6.460474
617 6.798620
618 6.953212
619 6.860780
620 6.719346
621 6.556604
622 6.388332
623 6.490527
624 6.532754
625 6.239982
626 6.375005
627 6.679040
628 6.630482
629 6.963609
630 7.222460
631 7.023402
632 6.591979
633 6.769052
634 7.016961
635 6.792865
636 6.925188
637 6.985577
638 7.004290
639 6.619585
640 6.731484
641 6.830177
642 6.607839
643 6.463867
644 6.564876
645 6.759250
646 7.230186
647 7.349475
648 7.231197
649 7.524428
650 7.237247
651 8.673475
652 9.640502
653 9.829452
654 9.832639
655 8.557152
656 9.571975
657 9.341316
658 10.605310
659 11.682826
660 12.354112
