# Residue_Index RMSF (Å)
0 9.702078
1 9.315147
2 9.332521
3 8.993618
4 9.105637
5 9.309170
6 9.546492
7 9.612747
8 9.801531
9 9.643419
10 9.768907
11 10.000476
12 10.254079
13 11.049793
14 10.943500
15 10.660398
16 11.183438
17 11.489640
18 11.702489
19 12.421877
20 12.343732
21 13.052832
22 12.782109
23 12.133037
24 12.318379
25 11.842473
26 12.061235
27 11.655000
28 11.040560
29 10.636071
30 10.378308
31 9.877307
32 9.435951
33 9.086439
34 9.430031
35 9.651047
36 10.016733
37 10.078178
38 10.691852
39 10.975591
40 11.451228
41 11.792188
42 12.014518
43 12.930286
44 13.667551
45 13.406901
46 14.150886
47 14.171536
48 13.717819
49 14.295089
50 13.650483
51 12.820556
52 11.770331
53 11.317226
54 10.778388
55 10.295257
56 10.356312
57 9.876436
58 10.152585
59 9.977107
60 10.332100
61 10.939587
62 10.479616
63 9.653884
64 9.201490
65 9.310772
66 8.786557
67 8.753809
68 9.225874
69 9.001961
70 8.622169
71 8.988498
72 9.247834
73 8.866721
74 8.836076
75 9.364486
76 9.322401
77 8.819288
78 8.912470
79 9.550708
80 9.373169
81 8.853453
82 9.065795
83 8.507695
84 8.407678
85 7.849786
86 8.120991
87 8.679779
88 9.329058
89 9.716553
90 10.566777
91 10.617728
92 10.673501
93 11.174899
94 11.011840
95 11.954528
96 12.077507
97 11.528597
98 11.021667
99 10.592634
100 10.503626
101 10.070476
102 10.328354
103 9.859428
104 9.972425
105 10.180698
106 9.507427
107 9.901790
108 9.319320
109 9.202501
110 8.556455
111 8.172982
112 8.277172
113 8.932845
114 8.880372
115 8.599049
116 9.137243
117 9.613580
118 9.352193
119 9.588320
120 10.253768
121 11.199189
122 12.146835
123 12.208757
124 11.017130
125 10.922960
126 10.065737
127 9.437152
128 8.651392
129 8.358117
130 7.912917
131 7.672690
132 7.810886
133 7.611778
134 7.283180
135 7.386086
136 7.447313
137 7.099432
138 7.073556
139 7.280418
140 7.068821
141 6.880901
142 7.184850
143 7.288606
144 6.942724
145 7.113729
146 7.568877
147 7.398952
148 7.321401
149 7.906741
150 8.128242
151 7.805810
152 7.453048
153 6.974763
154 6.919335
155 6.662217
156 6.767604
157 6.762528
158 7.054164
159 7.486032
160 7.800906
161 7.595422
162 7.705693
163 8.286839
164 8.495981
165 9.012384
166 9.402703
167 9.380228
168 9.442557
169 8.976299
170 8.695538
171 8.539379
172 8.198564
173 7.849814
174 7.897124
175 7.669914
176 8.140397
177 7.875139
178 7.675232
179 7.639316
180 7.459076
181 7.464233
182 7.446167
183 7.547731
184 7.602249
185 7.883702
186 7.871052
187 7.678282
188 7.880876
189 7.379436
190 7.366257
191 7.374958
192 7.539038
193 8.028952
194 8.342347
195 8.553282
196 8.087373
197 8.124331
198 8.077946
199 7.288980
200 7.350118
201 7.467582
202 7.016948
203 6.738459
204 6.964616
205 7.175077
206 7.165226
207 6.631220
208 6.462618
209 6.876790
210 6.814037
211 6.541423
212 6.631636
213 6.735864
214 6.839456
215 6.771242
216 6.729081
217 6.554796
218 6.616664
219 6.620780
220 6.661365
221 6.641902
222 6.642892
223 6.787523
224 6.974176
225 7.014551
226 7.015470
227 7.359804
228 7.599077
229 7.546730
230 7.724909
231 8.189046
232 8.402342
233 8.337084
234 8.572887
235 8.397618
236 7.958919
237 8.343216
238 9.047088
239 9.597318
240 9.111350
241 8.929277
242 8.234874
243 8.513642
244 8.919982
245 8.270654
246 8.020954
247 8.702896
248 8.734224
249 8.067487
250 8.294068
251 9.004244
252 8.686663
253 8.649507
254 8.147876
255 8.218151
256 8.615434
257 8.324595
258 8.349125
259 8.969977
260 8.827173
261 8.146551
262 7.954158
263 8.132619
264 7.672292
265 7.315825
266 7.607849
267 7.662569
268 7.143738
269 7.116957
270 7.557962
271 7.384982
272 6.943810
273 7.172903
274 7.463820
275 7.578065
276 7.560541
277 7.199028
278 7.585053
279 7.595397
280 7.138637
281 7.129640
282 6.904955
283 5.983214
284 6.525540
285 12.054267
286 10.154450
287 9.684258
288 9.152509
289 7.101639
290 7.330111
291 7.095861
292 7.043617
293 7.237154
294 7.232546
295 7.072428
296 6.593210
297 6.337628
298 6.088529
299 6.390050
300 6.317955
301 6.289470
302 6.267045
303 6.216344
304 6.163373
305 6.414147
306 6.625974
307 6.696402
308 6.997739
309 7.476056
310 7.746571
311 8.201106
312 8.624279
313 9.050469
314 10.414728
315 11.025495
316 11.680662
317 11.918411
318 10.160152
319 9.972655
320 9.135558
321 8.738717
322 8.344813
323 8.070318
324 7.634903
325 7.331737
326 7.147703
327 6.956438
328 7.131363
329 6.938684
330 7.001402
331 7.134982
332 7.124387
333 6.832745
334 6.858340
335 6.971908
336 7.397563
337 7.750341
338 7.881171
339 8.256009
340 8.482454
341 8.973882
342 9.132826
343 8.767079
344 8.808944
345 8.585441
346 8.592114
347 8.398024
348 8.039217
349 7.823765
350 7.295591
351 7.092854
352 7.259931
353 7.630299
354 7.798995
355 8.191334
356 8.426200
357 8.575838
358 8.839676
359 8.620573
360 8.935879
361 9.028858
362 9.115642
363 9.189573
364 8.936812
365 8.734120
366 8.223880
367 8.001569
368 7.645533
369 7.368327
370 7.207523
371 6.973468
372 6.880095
373 6.723680
374 6.519157
375 6.317835
376 6.202401
377 6.201223
378 6.285223
379 6.235669
380 6.024463
381 6.316775
382 6.391546
383 6.137606
384 6.340490
385 6.745458
386 6.734330
387 6.685083
388 6.988302
389 7.534387
390 8.031988
391 8.092886
392 7.626647
393 7.707465
394 7.603838
395 7.283835
396 7.510597
397 7.212589
398 6.905153
399 6.849703
400 6.704106
401 7.052230
402 7.136103
403 7.483460
404 8.093573
405 7.895824
406 7.488977
407 7.007133
408 7.065454
409 6.779101
410 6.885620
411 6.712326
412 7.006230
413 7.052449
414 7.430749
415 7.626079
416 8.163744
417 8.411820
418 8.562957
419 8.929561
420 8.882422
421 8.597190
422 8.613518
423 8.557645
424 9.043227
425 9.273252
426 9.162292
427 9.455068
428 9.677924
429 8.969461
430 9.304973
431 10.146682
432 9.861634
433 10.141400
434 10.157019
435 9.709825
436 9.888974
437 9.754595
438 9.675657
439 9.328209
440 9.134734
441 9.180894
442 8.995998
443 8.618497
444 8.414754
445 8.477604
446 8.294924
447 7.929815
448 7.861440
449 7.879952
450 7.597442
451 7.339920
452 7.438491
453 7.338233
454 6.949842
455 6.894357
456 6.657598
457 6.449463
458 6.511236
459 6.580594
460 6.638228
461 6.981685
462 7.326949
463 7.632146
464 8.042214
465 7.979115
466 7.709828
467 8.074241
468 8.322735
469 8.751671
470 9.128307
471 9.510712
472 9.803874
473 9.577425
474 9.251438
475 8.930366
476 8.525365
477 8.170438
478 7.729847
479 7.489184
480 7.118749
481 6.658541
482 6.570000
483 6.439647
484 6.402644
485 6.171679
486 6.289847
487 6.313283
488 6.288236
489 6.500005
490 6.674331
491 6.290617
492 6.212789
493 6.246868
494 6.336196
495 6.487960
496 6.406458
497 6.413516
498 6.917219
499 7.474141
500 7.483426
501 7.658369
502 7.498831
503 7.204454
504 7.140481
505 7.226289
506 7.031652
507 6.799929
508 6.950232
509 7.052508
510 6.750270
511 6.735866
512 6.505049
513 6.516010
514 6.724878
515 6.883006
516 6.771535
517 6.947222
518 6.929412
519 7.181492
520 7.410108
521 7.430064
522 7.486877
523 7.775034
524 7.928228
525 7.926509
526 8.168413
527 8.429592
528 8.479691
529 8.587314
530 8.852115
531 9.012274
532 8.993847
533 9.254799
534 8.974504
535 8.532959
536 8.328460
537 8.100504
538 8.215916
539 8.159119
540 8.258281
541 7.667900
542 7.343749
543 7.529232
544 7.891563
545 7.693691
546 7.594701
547 7.963285
548 8.088183
549 7.874902
550 8.011261
551 8.407598
552 8.413907
553 8.138883
554 8.158995
555 7.974727
556 7.711397
557 7.738364
558 7.631739
559 7.550794
560 7.416680
561 7.274312
562 7.228082
563 7.173992
564 7.026280
565 6.943455
566 7.142987
567 6.953561
568 6.959015
569 7.502026
570 7.821173
571 7.491899
572 7.808278
573 7.876860
574 8.275516
575 8.453849
576 8.827767
577 8.932057
578 8.952774
579 8.853596
580 8.710245
581 9.126946
582 9.348641
583 9.043959
584 9.156923
585 9.624054
586 9.904499
587 10.099221
588 9.708799
589 9.819475
590 9.678164
591 9.470304
592 9.228433
593 9.073477
594 8.961769
595 8.706849
596 8.527567
597 8.401951
598 8.127944
599 7.873083
600 7.833592
601 7.793994
602 7.575876
603 7.369633
604 7.163535
605 7.232052
606 7.547382
607 7.561474
608 7.838258
609 7.582739
610 7.660448
611 7.748897
612 7.894798
613 8.098236
614 8.204326
615 8.235827
616 8.364697
617 8.793350
618 9.136826
619 9.385959
620 9.560815
621 9.514440
622 9.598406
623 9.987936
624 10.573592
625 10.569084
626 10.271310
627 10.395901
628 10.252793
629 10.489151
630 10.752724
631 10.938925
632 10.626708
633 10.392919
634 9.884889
635 9.484981
636 9.252614
637 8.987460
638 8.828065
639 8.519381
640 8.444944
641 8.086309
642 8.044181
643 7.756511
644 7.909257
645 8.182262
646 8.109994
647 7.888247
648 7.896423
649 8.265996
650 8.442609
651 8.135982
652 8.206756
653 8.563070
654 8.562683
655 8.225463
656 8.666088
657 8.625856
658 9.640401
659 9.928993
660 9.976274
661 9.748119
662 9.422911
663 9.614800
664 9.942671
665 10.360764
666 10.621186
667 10.754376
668 11.928730
669 12.660759
670 13.364497
671 12.823274
672 13.847898
673 14.701392
674 16.560689
675 17.752105
676 19.081100
677 20.291063
678 22.304678
679 23.688222
680 25.554412
