# Residue_Index RMSF (Å)
0 8.342047
1 8.052219
2 8.228757
3 8.138593
4 8.434554
5 8.549735
6 9.089732
7 9.274003
8 8.950309
9 8.570855
10 8.143832
11 8.006649
12 7.999574
13 7.913581
14 7.828413
15 7.730777
16 7.797659
17 7.902637
18 8.021550
19 8.252907
20 8.119580
21 8.534476
22 8.459966
23 8.019991
24 7.994400
25 7.730066
26 7.864153
27 7.653927
28 7.424030
29 7.342839
30 7.395092
31 7.302854
32 7.509970
33 7.845481
34 7.570247
35 7.096478
36 6.951409
37 7.114883
38 7.275041
39 7.509446
40 7.725205
41 8.030125
42 8.176267
43 8.487300
44 8.845027
45 9.042923
46 9.815081
47 10.258178
48 9.813028
49 9.358576
50 9.179705
51 8.683044
52 8.436827
53 8.075367
54 7.709231
55 7.429122
56 7.300407
57 7.171465
58 7.069395
59 7.231120
60 7.394494
61 7.693532
62 7.405814
63 7.260141
64 7.619009
65 7.599919
66 7.583959
67 7.437818
68 7.339648
69 7.362114
70 7.324382
71 7.217650
72 7.280189
73 7.360334
74 7.187490
75 7.310323
76 7.671409
77 7.656144
78 7.577086
79 7.806157
80 7.919799
81 7.756851
82 8.015681
83 8.039968
84 8.102461
85 7.843567
86 7.645621
87 7.649911
88 7.848144
89 7.740671
90 7.945062
91 7.876095
92 7.654190
93 7.606272
94 7.666206
95 7.809649
96 7.596081
97 7.371047
98 7.273121
99 7.275027
100 7.298070
101 7.361994
102 7.499921
103 7.533330
104 7.719214
105 7.722571
106 7.946665
107 8.299601
108 8.307045
109 8.162655
110 8.038452
111 8.065005
112 8.137428
113 8.433185
114 8.501544
115 8.431777
116 8.773949
117 9.027145
118 9.008639
119 9.191585
120 9.604945
121 9.958939
122 10.579029
123 11.497605
124 10.642401
125 10.279391
126 9.262613
127 9.766627
128 9.276036
129 9.244585
130 9.093202
131 9.015164
132 8.797993
133 8.605736
134 8.618570
135 8.526576
136 8.279183
137 8.244721
138 8.303089
139 8.090270
140 7.931655
141 8.105727
142 8.085574
143 7.836562
144 7.882039
145 8.078704
146 8.009224
147 7.826015
148 8.055124
149 8.267892
150 8.110876
151 8.114962
152 7.749643
153 7.741318
154 7.664531
155 7.867293
156 8.096977
157 7.749860
158 7.853676
159 7.932674
160 7.914292
161 7.648759
162 7.727854
163 7.841263
164 8.070050
165 8.164842
166 8.477852
167 8.661286
168 8.878956
169 8.920907
170 8.777276
171 8.424116
172 8.195374
173 7.961832
174 7.749042
175 7.582478
176 7.481240
177 7.423499
178 7.448213
179 7.547211
180 7.465160
181 7.512108
182 7.655343
183 7.823211
184 8.681470
185 8.770228
186 8.684353
187 8.982644
188 9.172185
189 9.201185
190 9.539942
191 9.722561
192 9.641017
193 9.751332
194 9.389752
195 9.530429
196 9.426079
197 8.970903
198 8.786523
199 8.801044
200 9.236122
201 9.244926
202 8.698883
203 8.612309
204 8.909420
205 9.287578
206 9.178630
207 8.799124
208 9.377236
209 9.486374
210 9.262372
211 9.000298
212 8.707030
213 8.474438
214 8.325799
215 8.187839
216 8.539344
217 8.484904
218 8.077480
219 8.351132
220 8.536088
221 8.174045
222 8.144934
223 8.511186
224 8.514579
225 8.165976
226 8.373141
227 8.851756
228 8.613609
229 8.407783
230 8.838218
231 9.007477
232 8.717296
233 8.553772
234 9.055856
235 9.159329
236 9.337797
237 9.999338
238 10.323012
239 10.979797
240 10.895634
241 10.661861
242 10.239908
243 10.859659
244 11.088091
245 10.493296
246 10.542210
247 11.147933
248 11.012593
249 10.436104
250 10.750920
251 11.269244
252 10.947210
253 10.865990
254 10.231598
255 9.993480
256 10.237936
257 10.015607
258 9.717580
259 10.060766
260 10.085794
261 9.700073
262 9.782541
263 9.911991
264 9.701534
265 9.310199
266 9.424930
267 9.564556
268 9.163579
269 9.060340
270 9.497936
271 9.361758
272 8.923237
273 9.150276
274 9.515612
275 9.693776
276 9.769826
277 9.310219
278 9.540471
279 9.659618
280 9.155090
281 9.114876
282 9.129319
283 9.344702
284 9.301434
285 11.767554
286 10.547136
287 9.076960
288 8.974269
289 8.280063
290 7.872144
291 7.450961
292 7.464199
293 7.506448
294 7.403095
295 7.361628
296 7.354913
297 8.082284
298 8.408485
299 8.580371
300 8.395112
301 8.150209
302 8.558803
303 8.368182
304 8.366659
305 8.457372
306 8.495054
307 8.692027
308 8.335214
309 8.428287
310 8.221409
311 8.098656
312 8.192030
313 8.614744
314 9.019960
315 8.898509
316 8.769033
317 8.784172
318 8.683010
319 8.573648
320 8.098006
321 8.093630
322 7.803669
323 7.762040
324 7.573275
325 7.622816
326 7.618712
327 7.586925
328 7.481488
329 7.720077
330 7.719103
331 7.594246
332 7.991995
333 8.093494
334 7.947037
335 7.791826
336 7.462987
337 7.448826
338 7.247645
339 7.356893
340 7.332145
341 7.543571
342 7.802086
343 8.076384
344 7.667421
345 7.333735
346 7.165170
347 6.971429
348 7.091322
349 7.144723
350 7.420858
351 7.551766
352 7.863444
353 8.143863
354 8.522895
355 8.680146
356 9.095868
357 9.741443
358 9.723610
359 9.258585
360 8.986106
361 8.784568
362 8.729242
363 8.133812
364 8.391683
365 8.514424
366 8.303824
367 7.901353
368 8.403189
369 8.750534
370 8.234578
371 7.999397
372 7.683160
373 7.328350
374 7.354272
375 7.206646
376 7.193779
377 7.444966
378 7.499201
379 7.789345
380 8.000749
381 8.271302
382 8.570338
383 8.653864
384 9.060741
385 9.093381
386 9.485588
387 9.722075
388 9.840849
389 9.850754
390 9.272333
391 8.972134
392 8.525718
393 8.290094
394 7.927216
395 7.682524
396 7.450666
397 7.188459
398 6.918728
399 6.855697
400 6.826817
401 6.890410
402 6.997582
403 7.186573
404 7.411613
405 7.621676
406 7.532488
407 7.526096
408 7.839058
409 7.990959
410 8.047747
411 8.564027
412 9.040680
413 9.285194
414 9.007807
415 8.775365
416 8.598002
417 8.269500
418 8.259351
419 8.333934
420 8.060903
421 7.754295
422 7.960637
423 8.059696
424 7.696727
425 7.592222
426 7.952972
427 7.999696
428 7.706597
429 7.820615
430 8.245094
431 8.204892
432 8.007192
433 8.295072
434 8.646528
435 8.542111
436 8.582653
437 9.107699
438 9.164235
439 8.914463
440 8.590347
441 8.511555
442 8.638823
443 8.303529
444 8.028155
445 7.857755
446 7.623426
447 7.529540
448 7.476346
449 7.323747
450 7.171043
451 7.103680
452 6.975737
453 7.206637
454 7.085079
455 7.109210
456 7.167336
457 7.113172
458 7.203109
459 7.201878
460 7.388336
461 7.409379
462 7.745183
463 8.165565
464 8.622593
465 9.022622
466 9.135354
467 9.313127
468 9.321040
469 9.426952
470 9.613708
471 10.156842
472 10.341505
473 10.007198
474 10.177318
475 9.717708
476 9.435196
477 9.344633
478 9.073960
479 8.741788
480 8.484015
481 8.460848
482 8.870302
483 8.814033
484 8.552633
485 8.833334
486 9.226376
487 9.715231
488 9.783757
489 9.548898
490 9.909157
491 10.315311
492 10.133099
493 10.058234
494 9.903108
495 10.073285
496 9.866261
497 9.710621
498 9.015963
499 9.096892
500 8.951644
501 8.606236
502 8.754148
503 8.931546
504 8.580093
505 8.420430
506 8.772829
507 8.732481
508 8.320217
509 8.470079
510 8.875165
511 8.682980
512 8.427317
513 8.844570
514 9.201761
515 8.969856
516 9.224881
517 9.183895
518 9.435075
519 9.568065
520 9.557339
521 9.687027
522 9.489180
523 9.691915
524 9.672971
525 10.362947
526 10.383960
527 9.940753
528 10.300042
529 10.737690
530 10.305913
531 10.112261
532 10.785837
533 10.867923
534 10.361537
535 10.445120
536 11.152070
537 11.536247
538 11.273824
539 11.825589
540 12.123078
541 11.913040
542 11.127761
543 11.090924
544 11.325947
545 10.815214
546 10.280053
547 10.638909
548 11.375067
549 11.428575
550 11.289290
551 11.970237
552 12.420673
553 12.328790
554 12.685448
555 12.172769
556 12.221208
557 12.291526
558 11.948019
559 11.747378
560 11.243112
561 11.189590
562 10.615248
563 10.878821
564 10.962225
565 10.415967
566 10.172181
567 10.328946
568 10.707432
569 10.180977
570 9.791425
571 9.734943
572 10.110113
573 9.747215
574 9.333909
575 9.738758
576 9.929960
577 9.422198
578 9.316620
579 9.841449
580 9.816193
581 9.331833
582 9.590476
583 10.108349
584 10.226078
585 10.444285
586 10.003360
587 10.348768
588 10.449318
589 9.781128
590 9.630794
591 9.521067
592 9.014087
593 9.076447
594 9.493944
595 9.247282
596 8.781851
597 9.014537
598 8.890399
599 8.773445
600 8.585866
601 8.949236
602 8.653973
603 8.204900
604 8.439385
605 8.635036
606 8.445078
607 8.248064
608 8.115545
609 7.860565
610 7.635663
611 7.829512
612 7.596258
613 7.658845
614 7.404157
615 7.543407
616 7.512741
617 7.448969
618 7.798995
619 7.886201
620 8.302269
621 8.416556
622 8.572749
623 8.808460
624 9.202317
625 9.127980
626 8.727350
627 8.971578
628 9.459936
629 9.081236
630 8.865276
631 9.036406
632 8.960374
633 8.751667
634 8.702006
635 8.224319
636 8.164999
637 8.774408
638 8.323071
639 8.726962
640 8.997206
641 9.526038
642 9.840564
643 10.060243
644 10.134386
645 10.485793
646 10.959965
647 12.414383
648 13.345912
649 14.786761
650 15.992462
651 16.758078
652 18.640168
653 19.658165
