# Time (ns) RMSD (Å)
0.000000 0.000000
0.000049 0.372276
0.000098 0.375506
0.000147 0.393306
0.000196 0.395133
0.000244 0.392147
0.000293 0.402242
0.000342 0.397738
0.000391 0.400497
0.000440 0.398876
0.000489 0.398916
0.000538 0.406735
0.000587 0.403826
0.000636 0.404909
0.000684 0.403297
0.000733 0.401539
0.000782 0.411700
0.000831 0.404324
0.000880 0.391426
0.000929 0.414662
0.000978 0.394495
0.001027 0.407073
0.001076 0.404026
0.001124 0.416809
0.001173 0.397488
0.001222 1.385065
0.001271 1.609982
0.001320 1.826753
0.001369 1.955687
0.001418 2.127882
0.001467 2.239398
0.001516 2.195742
0.001564 2.497767
0.001613 2.563348
0.001662 2.750956
0.001711 2.891403
0.001760 2.930830
0.001809 2.816376
0.001858 2.678576
0.001907 2.719759
0.001956 2.934682
0.002004 2.771671
0.002053 2.708742
0.002102 2.834546
0.002151 2.994706
0.002200 3.037573
0.002249 3.009000
0.002298 3.264424
0.002347 3.239624
0.002396 3.280980
0.002444 3.335929
0.002493 3.565650
0.002542 3.462563
0.002591 3.565575
0.002640 3.764365
0.002689 3.712447
0.002738 3.507712
0.002787 3.806387
0.002836 3.746701
0.002884 3.685921
0.002933 3.867945
0.002982 3.726444
0.003031 3.757147
0.003080 3.553026
0.003129 3.450941
0.003178 3.597893
0.003227 3.547031
0.003276 3.522221
0.003324 3.780142
0.003373 3.720439
0.003422 3.906664
0.003471 3.612785
0.003520 3.743051
0.003569 3.853925
0.003618 3.711706
0.003667 3.579418
0.003716 3.594405
0.003764 3.728333
0.003813 3.810130
0.003862 3.955063
0.003911 3.974597
0.003960 4.143134
0.004009 3.949520
0.004058 3.591756
0.004107 3.905161
0.004155 3.593002
0.004204 3.588624
0.004253 3.557025
0.004302 3.824415
0.004351 4.032736
0.004400 3.963843
0.004449 3.807226
0.004498 3.657926
0.004547 3.677124
0.004595 3.659924
0.004644 3.483556
0.004693 3.591608
0.004742 3.763459
0.004791 3.866955
0.004840 3.881324
0.004889 3.647856
0.004938 3.906614
0.004987 4.027217
0.005035 3.922708
0.005084 4.108141
0.005133 4.315598
0.005182 4.049935
0.005231 3.750248
0.005280 3.731248
0.005329 3.675643
0.005378 3.561803
0.005427 3.990362
0.005475 4.033347
0.005524 4.071885
0.005573 4.215439
0.005622 4.520862
0.005671 4.197958
0.005720 4.287544
0.005769 4.462073
0.005818 3.836292
0.005867 3.751108
0.005915 3.705228
0.005964 3.870023
0.006013 3.808354
0.006062 4.176174
0.006111 4.112195
0.006160 4.181195
0.006209 4.290740
0.006258 4.409241
0.006307 4.318412
0.006355 4.127062
0.006404 4.100537
0.006453 4.347605
0.006502 4.041745
0.006551 4.324467
0.006600 4.251433
0.006649 4.673830
0.006698 4.712336
0.006747 4.868459
0.006795 5.031796
0.006844 5.212650
0.006893 5.143733
0.006942 5.532633
0.006991 5.439764
0.007040 5.384836
0.007089 5.484127
0.007138 5.190256
0.007187 5.210317
0.007235 5.253921
0.007284 5.129029
0.007333 5.237389
0.007382 4.959293
0.007431 5.233392
0.007480 5.152597
0.007529 5.395790
0.007578 5.682024
0.007627 5.504572
0.007675 5.417769
0.007724 5.713493
0.007773 5.838266
0.007822 5.939461
0.007871 5.998253
0.007920 5.886174
0.007969 6.169088
0.008018 6.160173
0.008067 6.207178
0.008115 5.970904
0.008164 6.056826
0.008213 6.031077
0.008262 5.949193
0.008311 5.554368
0.008360 5.344931
0.008409 5.554117
0.008458 5.203687
0.008507 5.439164
0.008555 5.564221
0.008604 5.428735
0.008653 5.285588
0.008702 5.570926
0.008751 5.541727
0.008800 5.749092
0.008849 5.668475
0.008898 5.612142
0.008947 5.645636
0.008995 5.461448
0.009044 5.484645
0.009093 5.232302
0.009142 5.378871
0.009191 5.287927
0.009240 5.507847
0.009289 5.406658
0.009338 5.180887
0.009387 5.262952
0.009435 5.175251
0.009484 5.257044
0.009533 5.223099
0.009582 5.185871
0.009631 5.150046
0.009680 5.415224
0.009729 5.276535
0.009778 5.419002
0.009827 5.264165
0.009875 4.985060
0.009924 5.279074
0.009973 5.449004
0.010022 5.107309
0.010071 5.046912
0.010120 4.499837
0.010169 4.489253
0.010218 4.403334
0.010267 4.496439
0.010315 4.243422
0.010364 4.352923
0.010413 4.127146
0.010462 4.255737
0.010511 4.210013
0.010560 4.381050
0.010609 4.338409
0.010658 4.439250
0.010707 4.435711
0.010755 4.564476
0.010804 4.670270
0.010853 4.712916
0.010902 4.577711
0.010951 4.453657
0.011000 4.874815
0.011049 4.975414
0.011098 5.232703
0.011147 5.003416
0.011195 5.194781
0.011244 5.141351
0.011293 5.352233
0.011342 5.300259
0.011391 5.225702
0.011440 5.283533
0.011489 5.482425
0.011538 5.636486
0.011587 5.301982
0.011635 5.359967
0.011684 5.027776
0.011733 4.784423
0.011782 5.028602
0.011831 5.073240
0.011880 5.041657
0.011929 5.363996
0.011978 5.218947
0.012026 5.128941
0.012075 5.098405
0.012124 5.153314
0.012173 5.048742
0.012222 5.201239
0.012271 5.137840
0.012320 5.484784
0.012369 5.068464
0.012418 4.926325
0.012466 5.040941
0.012515 4.881755
0.012564 4.872709
0.012613 4.765177
0.012662 4.977594
0.012711 5.207315
0.012760 4.882346
0.012809 4.810005
0.012858 4.712366
0.012906 4.959740
0.012955 4.983828
0.013004 4.930152
0.013053 4.962241
0.013102 4.898068
0.013151 4.923280
0.013200 4.910689
0.013249 4.938176
0.013298 4.996723
0.013346 4.770550
0.013395 4.921550
0.013444 4.981669
0.013493 5.107076
0.013542 5.044600
0.013591 5.184479
0.013640 5.187568
0.013689 4.906002
0.013738 4.829718
0.013786 4.698187
0.013835 4.578908
0.013884 4.640625
0.013933 4.526164
0.013982 4.469964
0.014031 4.624130
0.014080 4.434786
0.014129 4.416603
0.014178 4.435283
0.014226 4.513190
0.014275 4.452596
0.014324 4.396016
0.014373 4.655576
0.014422 4.604267
0.014471 4.672942
0.014520 4.854099
0.014569 4.579803
0.014618 4.598496
0.014666 4.579986
0.014715 4.609027
0.014764 4.225361
0.014813 4.424198
0.014862 4.648673
0.014911 4.670987
0.014960 4.276657
0.015009 4.111786
0.015058 4.070147
0.015106 4.227959
0.015155 4.320874
0.015204 4.096380
0.015253 4.160774
0.015302 4.254772
0.015351 4.303129
0.015400 4.294035
0.015449 4.358912
0.015498 4.234752
0.015546 4.317850
0.015595 4.497506
0.015644 4.665233
0.015693 4.723298
0.015742 4.812726
0.015791 4.778271
0.015840 4.992647
0.015889 5.184514
0.015938 5.260389
0.015986 5.223061
0.016035 5.330884
0.016084 5.668322
0.016133 5.424351
0.016182 5.238303
0.016231 5.245939
0.016280 5.390873
0.016329 5.622880
0.016378 5.431616
0.016426 5.407786
0.016475 5.381272
0.016524 5.125984
0.016573 5.423440
0.016622 5.524180
0.016671 5.163985
0.016720 5.340914
0.016769 5.191645
0.016818 5.596539
0.016866 5.556004
0.016915 5.582734
0.016964 5.328073
0.017013 5.379184
0.017062 5.531647
0.017111 5.718972
0.017160 5.429125
0.017209 5.551930
0.017258 5.727019
0.017306 5.658561
0.017355 5.759548
0.017404 5.398019
0.017453 5.454030
0.017502 5.742337
0.017551 5.661389
0.017600 5.583249
0.017649 5.503275
0.017698 5.429998
0.017746 5.495174
0.017795 5.575967
0.017844 5.318570
0.017893 5.653363
0.017942 5.863365
0.017991 5.683740
0.018040 5.723312
0.018089 5.709942
0.018138 5.912565
0.018186 5.651137
0.018235 5.696162
0.018284 5.725607
0.018333 5.640735
0.018382 5.724859
0.018431 5.844496
0.018480 6.051216
0.018529 5.709399
0.018578 5.770335
0.018626 5.720012
0.018675 5.718914
0.018724 5.572636
0.018773 5.552255
0.018822 5.548717
0.018871 5.636021
0.018920 5.762643
0.018969 5.761368
0.019018 5.658901
0.019066 5.627339
0.019115 5.717216
0.019164 5.918135
0.019213 5.519338
0.019262 5.621697
0.019311 5.778723
0.019360 5.739111
0.019409 6.003850
0.019458 5.494658
0.019506 5.794379
0.019555 5.268775
0.019604 5.279429
0.019653 5.340473
0.019702 5.417347
0.019751 5.536856
0.019800 5.675723
0.019849 5.544899
0.019898 5.578518
0.019946 5.464453
0.019995 5.549351
0.020044 5.599713
0.020093 5.837154
0.020142 5.743903
0.020191 5.872252
0.020240 5.376537
0.020289 5.605468
0.020337 5.917792
0.020386 5.929278
0.020435 6.131530
0.020484 6.079969
0.020533 6.054771
0.020582 6.188044
0.020631 6.290118
0.020680 5.989935
0.020729 5.857877
0.020777 5.713660
0.020826 5.527251
0.020875 5.697511
0.020924 5.820676
0.020973 5.633047
0.021022 6.018516
0.021071 6.085501
0.021120 5.965665
0.021169 5.887861
0.021217 6.212103
0.021266 6.067145
0.021315 6.271589
0.021364 5.783824
0.021413 5.993648
0.021462 6.103083
0.021511 5.696113
0.021560 5.621462
0.021609 5.702793
0.021657 5.901121
0.021706 5.859248
0.021755 5.837904
0.021804 5.697874
0.021853 5.783606
0.021902 5.391597
0.021951 5.540594
0.022000 5.527345
0.022049 5.391940
0.022097 5.566407
0.022146 5.618888
0.022195 6.071381
0.022244 5.714519
0.022293 5.675634
0.022342 5.510062
0.022391 5.238677
0.022440 5.301765
0.022489 5.413218
0.022537 5.569584
0.022586 5.537217
0.022635 5.453809
0.022684 5.393121
0.022733 5.388936
0.022782 5.279107
0.022831 5.339211
0.022880 5.345313
0.022929 5.317427
0.022977 5.386767
0.023026 5.404439
0.023075 5.525939
0.023124 5.350559
0.023173 5.281067
0.023222 5.501190
0.023271 5.294776
0.023320 5.554684
0.023369 5.420698
0.023417 5.113407
0.023466 5.323124
0.023515 5.346303
0.023564 5.368592
0.023613 5.318592
0.023662 5.444485
0.023711 5.486957
0.023760 5.362944
0.023809 5.461959
0.023857 5.387315
0.023906 5.563652
0.023955 5.611666
0.024004 5.639975
0.024053 5.489142
0.024102 5.651825
0.024151 5.787593
0.024200 5.810148
0.024249 5.843826
0.024297 5.620578
0.024346 5.712322
0.024395 5.782629
0.024444 5.763290
0.024493 5.877472
0.024542 5.772241
0.024591 5.805146
0.024640 5.756646
0.024689 5.885242
0.024737 5.938577
0.024786 5.800927
0.024835 5.996588
0.024884 5.714610
0.024933 6.018400
0.024982 5.920748
0.025031 5.618933
0.025080 5.637761
0.025129 5.869116
0.025177 5.830817
0.025226 5.677506
0.025275 5.652369
0.025324 5.809244
0.025373 5.460838
0.025422 5.503662
0.025471 5.725144
0.025520 5.793180
0.025569 5.992153
0.025617 5.841907
