# Time (ns) RMSD (Å)
0.000000 0.000002
0.000049 0.372005
0.000098 0.370126
0.000147 0.377993
0.000196 0.385215
0.000244 0.397787
0.000293 0.373343
0.000342 0.379202
0.000391 0.372864
0.000440 0.378363
0.000489 0.389006
0.000538 0.391956
0.000587 0.394955
0.000636 0.386266
0.000684 0.383536
0.000733 0.389742
0.000782 0.390151
0.000831 0.380815
0.000880 0.385688
0.000929 0.390977
0.000978 0.388634
0.001027 0.389677
0.001076 0.393309
0.001124 0.393770
0.001173 0.381339
0.001222 4.839643
0.001271 4.890701
0.001320 4.971479
0.001369 4.698891
0.001418 4.789796
0.001467 4.821732
0.001516 4.502648
0.001564 4.891643
0.001613 5.198315
0.001662 4.604369
0.001711 4.754605
0.001760 5.069777
0.001809 4.729932
0.001858 4.708903
0.001907 4.758819
0.001956 4.782433
0.002004 4.402758
0.002053 4.407601
0.002102 4.359207
0.002151 4.579100
0.002200 4.710517
0.002249 4.658602
0.002298 4.747774
0.002347 4.682374
0.002396 4.331265
0.002444 4.763268
0.002493 4.528990
0.002542 4.527645
0.002591 4.871627
0.002640 4.704617
0.002689 4.875597
0.002738 5.209335
0.002787 5.030177
0.002836 5.100687
0.002884 4.972516
0.002933 5.155007
0.002982 5.574954
0.003031 5.178290
0.003080 4.986753
0.003129 5.055685
0.003178 4.861657
0.003227 4.822784
0.003276 4.957593
0.003324 5.337410
0.003373 5.019812
0.003422 4.776672
0.003471 4.724217
0.003520 4.850987
0.003569 4.744945
0.003618 4.761157
0.003667 1.241149
0.003716 1.753848
0.003764 1.824279
0.003813 1.807906
0.003862 1.867479
0.003911 2.016483
0.003960 2.098419
0.004009 2.221188
0.004058 2.321171
0.004107 2.439005
0.004155 2.195675
0.004204 2.150565
0.004253 2.604335
0.004302 2.475376
0.004351 2.335835
0.004400 2.502808
0.004449 2.475317
0.004498 2.457985
0.004547 2.578991
0.004595 2.312718
0.004644 2.254669
0.004693 2.385951
0.004742 2.465904
0.004791 2.770314
0.004840 2.572744
0.004889 2.474068
0.004938 2.494999
0.004987 2.374833
0.005035 2.339476
0.005084 2.366172
0.005133 2.518575
0.005182 2.511072
0.005231 2.768015
0.005280 2.727901
0.005329 2.683813
0.005378 2.694937
0.005427 2.651017
0.005475 2.767112
0.005524 2.685855
0.005573 2.730659
0.005622 2.812528
0.005671 2.721424
0.005720 2.912157
0.005769 2.714937
0.005818 2.993487
0.005867 3.070001
0.005915 3.023534
0.005964 3.026976
0.006013 2.969544
0.006062 2.946583
0.006111 2.935962
0.006160 3.093222
0.006209 3.271953
0.006258 3.396712
0.006307 3.321834
0.006355 3.380834
0.006404 3.631389
0.006453 3.386353
0.006502 3.610460
0.006551 3.672176
0.006600 3.440315
0.006649 3.397144
0.006698 3.425971
0.006747 3.607059
0.006795 3.557438
0.006844 3.422644
0.006893 3.520715
0.006942 3.413258
0.006991 3.322810
0.007040 3.236104
0.007089 3.280694
0.007138 3.153099
0.007187 3.084159
0.007235 3.336167
0.007284 3.168310
0.007333 3.205045
0.007382 3.210280
0.007431 3.503083
0.007480 3.528352
0.007529 3.452879
0.007578 3.589237
0.007627 3.538643
0.007675 3.440745
0.007724 3.553312
0.007773 3.550522
0.007822 3.781209
0.007871 3.446554
0.007920 3.466921
0.007969 3.453870
0.008018 3.444811
0.008067 3.348189
0.008115 3.316057
0.008164 3.146890
0.008213 3.031789
0.008262 2.935865
0.008311 3.198294
0.008360 3.337659
0.008409 3.346953
0.008458 3.400997
0.008507 3.478783
0.008555 3.282037
0.008604 3.106299
0.008653 3.131827
0.008702 3.268020
0.008751 3.476916
0.008800 3.335344
0.008849 3.327599
0.008898 3.082263
0.008947 3.221629
0.008995 3.339601
0.009044 3.315755
0.009093 3.401437
0.009142 3.259411
0.009191 3.831995
0.009240 3.548617
0.009289 3.641253
0.009338 3.524067
0.009387 3.727476
0.009435 3.232628
0.009484 3.491546
0.009533 3.704340
0.009582 3.842907
0.009631 3.829170
0.009680 4.067008
0.009729 4.134605
0.009778 4.102455
0.009827 4.153537
0.009875 4.111226
0.009924 4.010328
0.009973 3.909501
0.010022 3.941652
0.010071 3.836864
0.010120 4.001395
0.010169 4.110685
0.010218 4.134029
0.010267 4.343989
0.010315 4.169139
0.010364 3.904522
0.010413 3.823349
0.010462 3.605420
0.010511 3.646332
0.010560 3.524336
0.010609 3.614060
0.010658 3.239238
0.010707 3.415163
0.010755 3.363913
0.010804 3.600569
0.010853 3.285620
0.010902 3.350239
0.010951 3.323206
0.011000 3.432233
0.011049 3.383715
0.011098 3.337082
0.011147 3.309540
0.011195 3.521898
0.011244 3.422140
0.011293 3.246691
0.011342 3.214199
0.011391 3.389952
0.011440 3.284873
0.011489 3.421967
0.011538 3.536920
0.011587 3.443597
0.011635 3.789864
0.011684 3.684934
0.011733 3.732697
0.011782 3.843184
0.011831 3.751708
0.011880 3.667223
0.011929 3.599030
0.011978 3.581944
0.012026 3.548800
0.012075 3.493760
0.012124 3.438120
0.012173 3.541610
0.012222 3.564928
0.012271 3.744333
0.012320 3.526526
0.012369 3.542011
0.012418 3.602552
0.012466 3.771821
0.012515 3.720706
0.012564 3.782429
0.012613 3.872684
0.012662 3.599075
0.012711 3.764358
0.012760 3.788626
0.012809 3.738012
0.012858 4.001597
0.012906 3.793970
0.012955 3.706456
0.013004 4.009037
0.013053 3.573288
0.013102 3.267048
0.013151 3.542637
0.013200 3.495143
0.013249 3.498986
0.013298 3.591143
0.013346 3.469234
0.013395 3.672115
0.013444 3.806266
0.013493 3.871293
0.013542 4.124192
0.013591 4.362002
0.013640 4.414523
0.013689 4.350861
0.013738 4.547956
0.013786 4.375848
0.013835 4.371438
0.013884 4.306088
0.013933 3.990083
0.013982 4.272329
0.014031 3.701662
0.014080 4.119712
0.014129 4.005862
0.014178 4.126997
0.014226 4.117761
0.014275 3.909999
0.014324 3.906472
0.014373 3.737200
0.014422 3.525817
0.014471 3.582313
0.014520 3.699349
0.014569 3.602686
0.014618 3.616221
0.014666 3.667960
0.014715 3.675177
0.014764 3.989595
0.014813 3.738672
0.014862 3.784718
0.014911 3.917327
0.014960 3.906833
0.015009 3.828700
0.015058 3.874568
0.015106 3.682975
0.015155 3.630546
0.015204 3.784978
0.015253 3.627960
0.015302 3.558673
0.015351 3.483414
0.015400 3.498316
0.015449 3.645422
0.015498 3.513037
0.015546 3.359749
0.015595 3.403394
0.015644 3.504551
0.015693 3.290492
0.015742 3.491908
0.015791 3.584334
0.015840 3.580133
0.015889 3.611728
0.015938 3.892588
0.015986 3.788064
0.016035 4.008710
0.016084 3.764554
0.016133 3.757511
0.016182 3.659880
0.016231 3.545054
0.016280 3.678901
0.016329 3.576858
0.016378 3.517822
0.016426 3.629222
0.016475 3.558027
0.016524 3.805467
0.016573 3.682210
0.016622 3.696523
0.016671 3.719436
0.016720 3.641191
0.016769 3.773205
0.016818 3.758743
0.016866 3.906410
0.016915 4.235173
0.016964 4.489455
0.017013 4.341072
0.017062 4.129684
0.017111 4.141669
0.017160 3.696684
0.017209 3.919904
0.017258 3.615922
0.017306 3.597325
0.017355 3.612184
0.017404 3.705688
0.017453 3.580055
0.017502 3.560351
0.017551 3.555517
0.017600 4.138781
0.017649 4.124267
0.017698 4.423478
0.017746 4.565226
0.017795 4.576776
0.017844 4.326008
0.017893 4.195262
0.017942 4.479647
0.017991 4.595103
0.018040 4.057538
0.018089 3.730976
0.018138 3.757304
0.018186 3.891325
0.018235 3.988946
0.018284 3.993638
0.018333 3.839287
0.018382 4.059735
0.018431 3.919615
0.018480 3.820336
0.018529 4.089898
0.018578 4.022606
0.018626 3.788937
0.018675 3.835119
0.018724 3.998694
0.018773 4.018961
0.018822 3.879273
0.018871 4.196031
0.018920 4.140717
0.018969 3.988707
0.019018 3.815235
0.019066 3.714997
0.019115 3.533803
0.019164 3.738742
0.019213 3.740358
0.019262 3.649800
0.019311 3.610093
0.019360 3.662411
0.019409 3.903227
0.019458 3.714229
0.019506 3.586228
0.019555 3.616065
0.019604 3.457474
0.019653 3.512798
0.019702 3.605680
0.019751 3.642270
0.019800 3.686374
0.019849 3.609048
0.019898 3.716742
0.019946 3.693197
0.019995 3.727964
0.020044 4.271138
0.020093 4.130854
0.020142 4.260570
0.020191 3.896462
0.020240 4.160484
0.020289 4.375220
0.020337 4.627693
0.020386 4.780113
0.020435 4.341161
0.020484 4.705981
0.020533 4.515070
0.020582 4.523499
0.020631 4.929566
0.020680 5.154613
0.020729 4.872610
0.020777 4.934907
0.020826 4.783474
0.020875 4.680885
0.020924 4.680770
0.020973 4.701453
0.021022 4.667650
0.021071 4.712721
0.021120 4.813731
0.021169 4.703745
0.021217 4.601135
0.021266 5.081452
0.021315 5.348815
0.021364 5.158345
0.021413 5.077384
0.021462 4.674535
0.021511 4.770619
0.021560 4.863613
0.021609 4.672579
0.021657 4.539599
0.021706 4.423369
0.021755 4.457965
0.021804 4.519408
0.021853 4.570295
0.021902 4.585039
0.021951 4.789402
0.022000 4.785450
0.022049 4.756084
0.022097 4.335141
0.022146 4.039456
0.022195 4.217568
0.022244 4.135815
0.022293 4.080914
0.022342 4.091729
0.022391 4.070867
0.022440 4.187311
0.022489 4.097169
0.022537 4.275521
0.022586 4.365614
0.022635 4.290805
0.022684 4.470458
0.022733 4.033086
0.022782 4.605246
0.022831 4.376587
0.022880 4.445791
0.022929 4.218858
0.022977 4.150813
0.023026 3.930417
0.023075 4.002252
0.023124 3.966451
0.023173 4.191920
0.023222 3.988914
0.023271 4.049646
0.023320 3.988796
0.023369 4.149804
0.023417 4.106103
0.023466 3.995648
0.023515 3.988469
0.023564 4.043043
0.023613 4.097363
0.023662 4.020402
0.023711 3.769964
0.023760 3.562481
0.023809 3.738492
0.023857 3.992440
0.023906 3.988247
0.023955 4.061980
0.024004 4.356537
0.024053 4.088646
0.024102 4.212194
0.024151 4.097358
0.024200 4.105259
0.024249 4.363124
0.024297 4.062983
0.024346 4.472292
0.024395 4.662875
0.024444 4.930500
0.024493 4.429098
0.024542 4.847905
0.024591 4.815941
0.024640 4.927889
0.024689 5.109134
0.024737 5.114352
0.024786 5.236720
0.024835 5.124205
0.024884 4.938225
0.024933 5.187750
0.024982 5.226713
0.025031 5.326344
0.025080 5.200023
0.025129 5.139530
0.025177 5.305791
0.025226 5.175058
0.025275 5.333169
0.025324 5.042469
0.025373 5.034474
0.025422 4.807360
0.025471 4.544603
0.025520 4.761953
0.025569 4.844390
0.025617 4.502309
